     -23.200994
     -23.074659
     -23.170965
     -23.020376
     -23.071293
     -23.160337
     -23.108002
     -22.994522
     -23.158283
     -23.024258
     -22.919744
     -22.835358
     -22.940641
     -22.842951
     -22.949541
     -22.933720
     -22.967644
     -23.061657
     -23.049538
     -23.076014
     -23.163584
     -23.262302
     -23.001335
     -22.966091
     -22.969872
     -22.938940
     -23.154636
     -23.192572
     -23.378159
     -23.506968
     -23.101332
     -23.211910
     -23.375578
     -23.361614
     -23.398119
     -23.701441
     -23.696926
     -23.687609
     -23.658600
     -23.583681
     -23.653934
     -23.634525
     -23.502554
     -23.635267
     -23.555361
     -23.384644
     -23.614967
     -23.679504
     -23.781830
     -23.688711
     -23.781626
     -23.717873
     -23.793179
     -23.726225
     -23.756380
     -23.626261
     -23.632681
     -23.738682
     -23.817148
     -23.898090
     -23.922712
     -23.831877
     -23.964575
     -23.993208
     -23.989603
     -23.938251
     -24.021894
     -23.921438
     -24.132317
     -24.209141
     -24.180117
     -24.114603
     -24.092310
     -24.155678
     -24.130428
     -24.144604
     -24.286869
     -24.335253
     -24.442480
     -24.498503
     -24.469042
     -24.753103
     -24.824152
     -24.807085
     -24.684710
     -24.748968
     -24.645151
     -24.717100
     -24.763010
     -24.765415
     -24.765442
     -24.766466
     -24.840700
     -24.791853
     -24.657122
     -24.752392
     -24.795521
     -24.749510
     -24.908703
     -24.918217
     -25.004696
     -25.023634
     -25.162106
     -25.000088
     -25.163282
     -24.972229
     -24.980289
     -25.125156
     -25.064407
     -25.078966
     -25.121153
     -25.004688
     -25.139341
     -25.043581
     -25.059492
     -25.071245
     -25.001266
     -25.108805
     -25.186346
     -24.943815
     -24.838955
     -24.831141
     -24.925083
     -24.893946
     -24.800123
     -24.802588
     -24.903563
     -24.800474
     -24.857243
     -24.921482
     -25.045780
     -25.018244
     -24.977200
     -25.024647
     -25.041969
     -25.154575
     -25.150146
     -25.122644
     -24.913988
     -24.937508
     -25.007528
     -24.819818
     -25.007133
     -24.960741
     -24.811480
     -24.592108
     -24.544298
     -24.639637
     -24.694445
     -24.511879
     -24.522085
     -24.680815
     -24.664467
     -24.622221
     -24.791725
     -24.832581
     -24.856852
     -24.898655
     -24.882444
     -25.120056
     -25.154188
     -25.285931
     -25.282171
     -25.104839
     -25.146700
     -25.196196
     -25.154428
     -25.245773
     -25.151917
     -25.241310
     -24.921026
     -25.088161
     -24.997545
     -24.890329
     -24.965984
     -24.892691
     -24.938990
     -25.076889
     -24.916382
     -25.132723
     -25.032782
     -25.258783
     -25.148527
     -25.119247
     -25.057150
     -25.046316
     -25.105505
     -25.050623
     -24.941124
     -25.021734
     -25.105850
     -25.226665
     -25.068306
     -25.040415
     -25.040688
     -25.060024
     -25.172577
     -24.988192
     -24.945498
     -25.082932
     -25.271929
     -25.284603
     -25.254488
     -25.174009
     -25.103968
     -25.088865
     -25.147467
     -25.023726
     -25.060501
     -25.137445
     -24.987768
     -25.071968
     -25.169241
     -25.065538
     -25.027328
     -25.065546
     -25.065546
     -25.080336
     -25.127283
     -25.373959
     -25.442226
     -25.322781
     -25.345768
     -25.289806
     -25.331907
     -25.263914
     -25.221178
     -25.409079
     -25.389898
     -25.310703
     -25.289011
     -25.119198
     -25.333918
     -25.239002
     -25.399059
     -25.349455
     -25.166706
     -25.269588
     -25.277800
     -25.161694
     -25.113478
     -25.209478
     -25.423899
     -25.403135
     -25.397890
     -25.298929
     -25.272007
     -25.420195
     -25.607193
     -25.758854
     -25.638243
     -25.425070
     -25.581202
     -25.672853
     -25.838919
     -25.761875
     -25.679502
     -25.639923
     -25.720497
     -25.692064
     -25.564512
     -25.754093
     -25.796814
     -25.711239
     -25.788633
     -25.720320
     -25.956249
     -25.902386
     -26.008944
     -26.068281
     -26.135544
     -26.104294
     -26.089390
     -26.185890
     -26.433363
     -26.425207
     -26.402962
     -26.206678
     -26.312513
     -26.246977
     -26.088091
     -26.278484
     -26.116505
     -25.932571
     -25.991390
     -25.891340
     -25.814753
     -25.817429
     -25.894644
     -25.861486
     -25.867205
     -25.915539
     -26.015890
     -25.925709
     -25.909048
     -25.886082
     -25.755116
     -25.887659
     -25.876169
     -25.750011
