     -41.406036
     -41.609928
     -41.532627
     -41.584248
     -41.548000
     -41.550159
     -41.572205
     -41.650314
     -41.580326
     -41.635891
     -41.702866
     -41.679089
     -41.625927
     -41.550060
     -41.768959
     -41.853184
     -41.866501
     -42.074642
     -42.150192
     -41.956554
     -41.960388
     -42.037804
     -41.909370
     -42.069843
     -42.085102
     -42.272766
     -42.285530
     -42.316223
     -42.291618
     -42.367737
     -42.277245
     -42.308743
     -42.286495
     -42.336094
     -42.499481
     -42.528809
     -42.386604
     -42.580032
     -42.743641
     -42.627495
     -42.523872
     -42.769550
     -42.794594
     -42.848793
     -42.855022
     -42.837173
     -42.909878
     -42.891075
     -42.774185
     -42.779999
     -42.861282
     -43.068966
     -43.089252
     -43.152164
     -42.992455
     -43.185909
     -43.039272
     -43.106117
     -43.127029
     -43.098244
     -43.210136
     -43.358906
     -43.396980
     -43.510532
     -43.736942
     -43.884529
     -43.778496
     -43.721909
     -43.694599
     -43.678261
     -43.767677
     -43.826050
     -43.912399
     -44.234768
     -44.257519
     -44.215488
     -44.216251
     -44.290718
     -44.295532
     -44.398487
     -44.436565
     -44.362991
     -44.365444
     -44.539097
     -44.543331
     -44.479641
     -44.404652
     -44.331474
     -44.469040
     -44.345539
     -44.458359
     -44.578354
     -44.697517
     -44.763180
     -44.781029
     -44.721462
     -44.595390
     -44.630978
     -44.576675
     -44.506912
     -44.778709
     -44.786198
     -44.805466
     -44.683163
     -44.628029
     -44.808689
     -44.840031
     -44.999805
     -45.159538
     -45.180458
     -45.232422
     -45.148216
     -44.964493
     -44.948498
     -44.848270
     -45.055977
     -44.911789
     -45.067547
     -45.093044
     -45.130081
     -45.494457
     -45.344257
     -45.438148
     -45.520767
     -45.553879
     -45.665138
     -45.658524
     -45.718246
     -45.624580
     -45.646816
     -45.782501
     -45.738091
     -45.760887
     -45.834507
     -45.818638
     -45.906963
     -45.824146
     -45.881641
     -45.932240
     -46.027462
     -46.134041
     -46.103928
     -46.038441
     -46.108181
     -45.979721
     -46.089523
     -45.952297
     -46.080811
     -45.994167
     -45.933426
     -46.134850
     -46.014011
     -45.933887
     -45.970383
     -46.050274
     -46.048958
     -46.226151
     -46.102158
     -46.180710
     -46.372581
     -46.311588
     -46.244732
     -46.371708
     -46.336102
     -46.454342
     -46.596191
     -46.548161
     -46.454716
     -46.468353
     -46.387226
     -46.281433
     -46.470608
     -46.528690
     -46.398415
     -46.427021
     -46.549427
     -46.520287
     -46.605286
     -46.748615
     -46.718754
     -46.787884
     -46.880581
     -47.003063
     -47.012524
     -47.094555
     -47.200954
     -47.071358
     -47.134083
     -47.211796
     -47.273968
     -47.118134
     -47.164135
     -47.094330
     -47.078178
     -47.106365
     -47.281036
     -47.325306
     -47.317291
     -47.379143
     -47.347462
     -47.550465
     -47.562317
     -47.484444
     -47.424427
     -47.502987
     -47.454113
     -47.597069
     -47.546997
     -47.509689
     -47.568268
     -47.561195
     -47.604610
     -47.486813
     -47.445679
     -47.495045
     -47.422718
     -47.389755
     -47.436596
     -47.602184
     -47.551426
     -47.756069
     -47.735943
     -47.589233
     -47.803062
     -47.904545
     -47.935303
     -47.907295
     -48.012608
     -48.113720
     -48.096256
     -48.138458
     -48.095242
     -48.094311
     -48.388927
     -48.323322
     -48.412357
     -48.480373
     -48.382175
     -48.572388
     -48.607937
     -48.545105
     -48.580429
     -48.456661
     -48.486160
     -48.522697
     -48.618111
     -48.599377
     -48.694042
     -48.651573
     -48.762543
     -48.681652
     -48.645580
     -48.680992
     -48.899334
     -48.959030
     -48.983051
     -48.983185
     -49.009190
     -48.906609
     -48.696869
     -48.844254
     -48.736694
     -48.666363
     -48.681984
     -48.785465
     -48.842941
     -48.828838
     -48.781540
     -48.948223
     -48.762520
     -48.688023
     -48.876343
     -48.869732
     -48.842705
     -48.790287
     -48.875340
     -48.867588
     -48.766861
     -48.877129
     -48.869286
     -48.770229
     -48.777634
     -48.920238
     -48.880680
     -48.827793
     -48.954929
     -48.849655
     -49.192219
     -49.066547
     -49.056225
     -49.037548
     -49.204563
     -49.267399
     -49.163456
     -49.274364
     -49.302940
     -49.219158
     -49.277637
     -49.170444
     -49.362289
