     -85.863922
     -86.620201
     -87.332344
     -88.007111
     -88.744362
     -89.439598
     -90.155167
     -90.669853
     -91.435303
     -91.948395
     -92.636711
     -93.383217
     -93.861633
     -94.518715
     -95.135513
     -95.615944
     -96.312263
     -96.945915
     -97.482544
     -98.196945
     -98.886658
     -99.375862
    -100.115501
    -100.724266
    -101.249725
    -101.805435
    -102.430496
    -102.897736
    -103.465843
    -104.211464
    -104.764771
    -105.382523
    -106.135399
    -106.745132
    -107.488640
    -107.875587
    -108.310928
    -108.966347
    -109.654266
    -110.003929
    -110.646973
    -111.266037
    -111.756561
    -112.253006
    -112.832817
    -113.472145
    -113.960892
    -114.489700
    -115.223236
    -115.676895
    -116.312622
    -116.932167
    -117.468842
    -118.042038
    -118.682243
    -119.173874
    -119.883591
    -120.344749
    -120.763702
    -121.391670
    -122.131218
    -122.650513
    -123.079575
    -123.505516
    -124.050056
    -124.708801
    -125.311859
    -125.848564
    -126.453918
    -127.098106
    -127.763275
    -128.349014
    -128.929459
    -129.354309
    -130.159256
    -130.706833
    -131.474136
    -132.003174
    -132.653549
    -133.163055
    -133.643616
    -134.181076
    -134.715912
    -135.093674
    -135.839401
    -136.474991
    -136.960541
    -137.372498
    -137.764084
    -138.341751
    -138.963699
    -139.552628
    -139.957520
    -140.368881
    -140.883316
    -141.372116
    -141.945786
    -142.499985
    -143.058868
    -143.359451
    -143.643036
    -143.888611
    -144.301788
    -144.607849
    -144.787933
    -144.908127
    -145.285660
    -145.503326
    -145.766464
    -145.996216
    -146.252823
    -146.505615
    -146.749939
    -147.028519
    -147.426453
    -147.575790
    -147.748764
    -148.143967
    -148.236557
    -148.453018
    -148.880066
    -149.043106
    -149.459183
    -149.720139
    -149.887238
    -150.319077
    -150.496582
    -150.741089
    -150.985855
    -151.221420
    -151.525909
    -151.798340
    -152.020676
    -152.345200
    -152.650909
    -152.850922
    -153.124283
    -153.198212
    -153.571960
    -153.945633
    -154.279251
    -154.494064
    -154.814621
    -155.197861
    -155.423187
    -155.670044
    -155.933609
    -156.352386
    -156.633820
    -157.066711
    -157.483505
    -157.705780
    -158.052658
    -158.409531
    -158.761551
    -158.995728
    -159.332520
    -159.726059
    -159.971481
    -160.090836
    -160.287369
    -160.560074
    -160.841904
    -161.234940
    -161.363525
    -161.720352
    -162.087509
    -162.354645
    -162.863129
    -163.144974
    -163.552429
    -163.766617
    -164.047333
    -164.283646
    -164.580338
    -165.067841
    -165.116776
    -165.258392
    -165.617523
    -165.806747
    -166.145859
    -166.438217
    -166.688629
    -167.029633
    -167.148560
    -167.477203
    -167.638382
    -167.987122
    -168.320938
    -168.438904
    -168.617889
    -169.002197
    -169.089813
    -169.387909
    -169.726059
    -170.020355
    -170.440659
    -170.670868
    -170.887177
    -171.154343
    -171.452789
    -171.666260
    -171.863251
    -172.176712
    -172.482178
    -172.831345
    -172.951416
    -173.247711
    -173.426193
    -173.488358
    -173.768860
    -173.903137
    -174.181305
    -174.431686
    -174.604004
    -174.860291
    -175.079742
    -175.451447
    -175.615051
    -175.794388
    -175.885391
    -176.233749
    -176.598907
    -176.768082
    -177.066498
    -177.329193
    -177.463547
    -177.729431
    -177.973892
    -178.155060
    -178.292877
    -178.594772
    -178.626129
    -178.852203
    -179.040878
    -179.293457
    -179.494888
    -179.764526
    -179.931763
    -180.269379
    -180.539169
    -180.807693
    -180.855820
    -181.137527
    -181.425735
    -181.685196
    -181.987137
    -182.063049
    -182.079178
    -182.402023
    -182.624619
    -182.831635
    -183.157837
    -183.392456
    -183.605835
    -183.771255
    -184.094269
    -184.387573
    -184.698822
    -184.836838
    -185.099121
    -185.157074
    -185.466064
    -185.734177
    -186.012222
    -186.107330
    -186.296021
    -186.496231
    -186.729065
    -186.939331
    -187.118484
    -187.298416
    -187.455658
    -187.774704
    -187.877090
    -188.294983
    -188.461456
    -188.756790
    -189.000977
    -189.112686
    -189.211578
    -189.319366
    -189.449341
    -189.739899
    -189.813644
    -190.062881
    -190.294342
    -190.533493
    -190.789444
    -190.890457
    -191.030685
    -191.186707
    -191.269684
    -191.546082
    -191.590530
    -191.860077
    -192.052734
    -192.236053
    -192.377899
    -192.555893
    -192.650726
    -192.878189
    -193.172104
    -193.267853
    -193.478088
    -193.631744
    -193.776581
    -194.011993
    -194.229950
    -194.407440
    -194.511429
    -194.640869
    -194.775421
    -194.919174
    -195.142166
    -195.348694
    -195.540787
    -195.728516
    -195.882431
    -196.043152
    -196.167297
    -196.456650
    -196.612823
    -196.904144
    -196.984482
    -197.040421
    -197.201797
    -197.422455
    -197.594406
    -197.809143
    -197.934692
    -197.973846
    -198.251587
    -198.479156
    -198.491791
    -198.677185
    -198.813126
    -198.836273
    -198.943832
    -199.043488
    -199.144928
    -199.270737
    -199.455215
    -199.667587
    -199.721008
    -199.851685
    -199.886765
    -199.932404
    -200.130722
    -200.257446
    -200.417191
    -200.548447
    -200.770645
    -200.872330
    -200.963989
    -201.090851
    -201.217422
    -201.305603
    -201.425293
    -201.593002
    -201.710403
    -201.766983
    -202.031677
    -202.150665
    -202.184860
    -202.369019
    -202.503998
    -202.609665
    -202.577652
    -202.780411
    -202.843765
    -203.175583
    -203.210571
    -203.358963
    -203.574417
    -203.661285
    -203.782349
    -203.968002
    -204.226974
    -204.334854
    -204.446060
    -204.533249
    -204.687088
    -204.698517
    -204.701187
    -204.895432
    -204.924255
    -205.075439
    -205.400345
    -205.507248
    -205.859848
    -205.915314
    -206.009842
    -206.075439
    -206.187469
    -206.318283
    -206.569382
    -206.711044
    -206.870239
    -207.076538
    -207.072525
    -207.121902
    -207.220016
    -207.360901
    -207.468155
    -207.474045
    -207.604248
    -207.589920
    -207.750671
    -207.706085
    -207.885620
    -207.942566
    -207.913361
    -208.037048
    -208.195160
    -208.300613
    -208.468124
    -208.616577
    -208.651154
    -208.718918
    -208.850830
    -208.891190
    -209.107086
    -209.245087
    -209.366959
    -209.628189
    -209.757004
    -209.845993
    -209.901260
    -209.998169
    -210.144913
    -210.244019
    -210.490341
    -210.579437
    -210.742645
    -210.780472
    -210.916534
    -211.078125
    -210.998627
    -211.287277
    -211.178375
    -211.244095
    -211.330200
    -211.368225
    -211.357834
    -211.439728
    -211.436966
    -211.471710
    -211.668686
    -211.787704
    -211.899582
    -212.093002
    -212.243835
    -212.401825
    -212.427048
    -212.721405
    -212.663727
    -212.885468
    -212.959534
    -213.002396
    -213.097137
    -213.161331
    -213.144928
    -213.337250
    -213.401108
    -213.462402
    -213.636383
    -213.589996
    -213.766510
    -213.774933
    -213.980881
    -214.008774
    -214.040253
    -214.012238
    -214.208984
    -214.222214
    -214.273682
    -214.379364
    -214.463196
    -214.633347
    -214.738724
    -214.900162
    -214.835037
    -215.018188
    -214.985168
    -215.134552
    -215.230591
    -215.253998
    -215.367355
    -215.393921
    -215.445145
    -215.640976
    -215.555695
    -215.689316
    -215.865509
    -215.912842
    -215.971573
    -215.997040
    -216.182480
    -216.181091
    -216.472061
    -216.514328
    -216.693436
    -216.896454
    -217.177811
    -217.100021
    -217.255417
    -217.383881
    -217.370193
    -217.430389
    -217.540833
    -217.503906
    -217.756317
    -217.777954
    -217.866562
    -217.872864
    -218.003632
    -218.007507
    -218.090393
    -218.093643
    -218.303818
    -218.450134
    -218.431915
    -218.536606
    -218.619141
    -218.752808
    -218.874023
    -218.820679
    -218.838959
    -218.984528
    -219.087173
    -219.225342
    -219.247452
    -219.273407
    -219.322876
    -219.441528
    -219.467209
    -219.639999
    -219.605728
    -219.786118
    -219.902969
    -220.011948
    -220.045792
    -220.048508
    -220.074768
    -220.239441
    -220.183990
    -220.274261
    -220.272354
    -220.303375
    -220.453659
    -220.632584
    -220.994598
    -221.235138
    -221.464096
    -221.681854
    -221.831039
    -222.077408
    -222.281219
    -222.558624
    -222.707626
    -222.964233
    -223.192169
    -223.426056
    -223.605087
    -223.885651
    -224.095291
    -224.353317
    -224.472870
    -224.592255
    -224.878494
    -225.104675
    -225.394608
    -225.437820
    -225.658264
    -225.801727
    -225.979904
    -226.188919
    -226.331940
    -226.597610
    -226.772827
    -226.946854
    -227.191071
    -227.315628
    -227.455261
    -227.749664
    -227.997238
    -228.123306
    -228.435715
    -228.610809
    -228.845520
    -228.892822
    -229.032516
    -229.208847
    -229.420273
    -229.614655
    -229.787720
    -229.968826
    -230.112076
    -230.333206
    -230.519440
    -230.626389
    -230.822235
    -231.022202
    -231.182083
    -231.379791
    -231.381302
    -231.533493
    -231.724213
    -231.889389
    -231.887054
    -232.153900
    -232.366516
    -232.678543
    -232.846375
    -233.140427
    -233.213364
    -233.505417
    -233.769196
    -233.997604
    -234.008270
    -234.262207
    -234.510513
    -234.622360
    -234.772659
    -234.994125
    -235.200378
    -235.185806
    -235.409378
    -235.606384
    -235.773071
    -235.911926
    -236.067825
    -236.324829
    -236.384003
    -236.394714
    -236.700516
    -236.738144
    -236.937958
    -237.155258
    -237.221970
    -237.502121
    -237.583740
    -237.691406
    -237.810715
    -237.930939
    -238.326431
    -238.485657
    -238.608658
    -238.755447
    -238.935120
    -238.988800
    -239.151810
    -239.152634
    -239.336456
    -239.526382
    -239.728851
    -239.765915
    -239.958710
    -240.051697
    -240.231979
    -240.438080
    -240.429123
    -240.630035
    -240.763779
    -240.958786
    -240.998413
    -241.260590
    -241.443695
    -241.466278
    -241.499008
    -241.725021
    -241.950256
    -242.025681
    -242.154984
    -242.213394
    -242.303207
    -242.513031
    -242.644577
    -242.677094
    -242.799805
    -242.836227
    -242.997757
    -243.043900
    -243.166611
    -243.254837
    -243.420822
    -243.458511
    -243.619308
    -243.757904
    -243.800476
    -243.818573
    -244.071777
    -244.277878
    -244.199326
    -244.245422
    -244.610657
    -244.542831
    -244.636963
    -244.714935
    -244.802002
    -244.980499
    -244.994293
    -244.982346
    -245.090256
    -245.219559
    -245.205536
    -245.333740
    -245.460205
    -245.551743
    -245.522675
    -245.735733
    -245.918716
    -245.996002
    -246.043060
    -246.315231
    -246.378128
    -246.462646
    -246.463699
    -246.590485
    -246.605972
    -246.710571
    -246.787033
    -246.973694
    -247.136368
    -247.360260
    -247.290680
    -247.273544
    -247.421875
    -247.458664
    -247.553528
    -247.624802
    -247.593872
    -247.717590
    -247.947357
    -247.975220
    -248.051819
    -248.060806
    -248.102936
    -248.154831
    -248.272156
    -248.341095
    -248.367813
    -248.483688
    -248.673889
    -248.704605
    -248.785187
    -248.924942
    -249.074554
    -249.131363
    -249.152100
    -249.376938
    -249.407639
    -249.319290
    -249.416718
    -249.485886
    -249.635025
    -249.763504
    -249.840210
    -249.866714
    -249.789688
    -249.875946
    -249.957108
    -250.022491
    -249.979843
    -250.020004
    -250.069382
    -250.068604
    -250.118073
    -250.354492
    -250.474869
    -250.512253
    -250.626068
    -250.816208
    -250.729797
    -250.895737
    -250.812881
    -251.020233
    -251.160736
    -251.139954
    -251.226273
    -251.243729
    -251.441055
    -251.504105
    -251.620178
    -251.642761
    -251.649902
    -251.758118
    -251.902191
    -251.895172
    -251.864288
    -251.935638
    -251.955200
    -252.057312
    -252.084335
    -252.057831
    -252.140656
    -252.248459
    -252.238022
    -252.245773
    -252.394104
    -252.361343
    -252.511246
    -252.557449
    -252.518539
    -252.690262
    -252.674866
    -252.656921
    -252.758957
    -252.807098
    -252.870697
    -252.898178
    -252.982559
    -252.922958
    -253.016541
    -252.994720
    -253.121735
    -253.108994
    -253.145264
    -253.224411
