     -17.976555
     -17.994328
     -17.854031
     -18.012936
     -17.790253
     -18.024323
     -18.058790
     -18.171688
     -18.170038
     -18.134726
     -18.007542
     -18.079920
     -18.085829
     -18.133951
     -18.131828
     -18.093637
     -18.154659
     -18.099731
     -18.319521
     -18.324415
     -18.493956
     -18.420202
     -18.345131
     -18.342600
     -18.482992
     -18.495722
     -18.504021
     -18.585758
     -18.566999
     -18.512316
     -18.424717
     -18.494064
     -18.509373
     -18.706511
     -18.753445
     -18.806940
     -18.889759
     -18.918407
     -18.945053
     -18.945843
     -18.957397
     -19.105825
     -19.126505
     -19.144579
     -19.024725
     -19.209810
     -19.107182
     -19.343731
     -19.407396
     -19.380816
     -19.404730
     -19.400225
     -19.330460
     -19.296585
     -19.244751
     -19.575771
     -19.366539
     -19.358717
     -19.382605
     -19.529753
     -19.556421
     -19.295732
     -19.187874
     -19.136654
     -19.216167
     -19.184410
     -19.211443
     -19.191051
     -19.253815
     -19.232946
     -19.320164
     -19.197712
     -19.331474
     -19.306696
     -19.211317
     -19.154163
     -19.192331
     -19.045332
     -19.121536
     -19.193489
     -19.244665
     -19.174820
     -19.132696
     -19.293234
     -19.338797
     -19.465416
     -19.437330
     -19.360661
     -19.307899
     -19.237236
     -19.018841
     -19.136467
     -19.209257
     -19.310904
     -19.313793
     -19.480556
     -19.474892
     -19.392347
     -19.428675
     -19.579149
     -19.502737
     -19.496830
     -19.335787
     -19.426815
     -19.526764
     -19.407591
     -19.529787
     -19.603134
     -19.544954
     -19.579870
     -19.669651
     -19.533728
     -19.452051
     -19.384968
     -19.431881
     -19.496546
     -19.442146
     -19.553410
     -19.520973
     -19.473093
     -19.457548
     -19.486786
     -19.320381
     -19.313211
     -19.211342
     -19.310503
     -19.346838
     -19.264980
     -19.407524
     -19.396935
     -19.599276
     -19.610422
     -19.516504
     -19.605789
     -19.646614
     -19.401831
     -19.433189
     -19.465343
     -19.366346
     -19.374037
     -19.248301
     -19.058390
     -19.268652
     -19.224762
     -19.317024
     -19.373932
     -19.202385
     -19.149632
     -19.092188
     -19.094797
     -19.131210
     -19.083773
     -19.293102
     -19.210035
     -19.397041
     -19.402962
     -19.300014
     -19.486057
     -19.591478
     -19.647081
     -19.533325
     -19.499149
     -19.373119
     -19.408569
     -19.464331
     -19.344261
     -19.566328
     -19.506411
     -19.508986
     -19.530910
     -19.436958
     -19.474007
     -19.599413
     -19.659357
     -19.611835
     -19.470522
     -19.380558
     -19.300709
     -19.272198
     -19.429209
     -19.413073
     -19.612986
     -19.631105
     -19.758295
     -19.659220
     -19.683260
     -19.606800
     -19.645067
     -19.649910
     -19.697803
     -19.840086
     -19.881485
     -19.852568
     -19.788757
     -19.872705
     -19.766350
     -19.770008
     -19.737326
     -19.773281
     -19.833076
     -19.946804
     -19.863869
     -19.815577
     -19.889223
     -19.811136
     -19.864222
     -19.918055
     -20.080198
     -19.969912
     -20.143017
     -19.863451
     -19.995489
     -20.003756
     -20.071661
     -20.068815
     -19.972906
     -19.850599
     -19.963654
     -19.865602
     -19.822393
     -19.641706
     -19.776192
     -19.736206
     -19.649227
     -19.555992
     -19.573496
     -19.457182
     -19.571661
     -19.453869
     -19.414217
     -19.419369
     -19.344696
     -19.397724
     -19.339283
     -19.378733
     -19.363661
     -19.382029
     -19.253447
     -19.402330
     -19.334465
     -19.358650
     -19.463228
     -19.422686
     -19.344154
     -19.260485
     -19.475676
     -19.342651
     -19.357956
     -19.281509
     -19.417513
     -19.335207
     -19.353235
     -19.291220
     -19.244677
     -19.444483
     -19.614061
     -19.688576
     -19.764530
     -19.632553
     -19.552464
     -19.766758
     -19.566771
     -19.654148
     -19.636431
     -19.839607
     -19.847219
     -19.969353
     -19.832611
     -19.848570
     -19.922354
     -19.895678
     -19.768631
     -19.796274
     -19.811443
     -20.049751
     -20.092724
     -20.141798
     -19.922087
     -20.119497
     -19.989937
     -20.001505
     -19.833702
     -19.982004
     -20.056389
     -20.154545
     -20.001274
     -19.930952
     -20.183220
     -20.242796
     -20.247953
     -20.403063
     -20.338804
     -20.293859
     -20.337103
     -20.493999
     -20.459673
     -20.659565
     -20.743706
     -20.585314
     -20.598635
