     -33.005112
     -33.367310
     -33.529354
     -33.683697
     -34.054916
     -34.153767
     -34.277382
     -34.587307
     -34.963577
     -35.303097
     -35.596832
     -35.664837
     -35.942715
     -36.389214
     -36.474186
     -36.673679
     -36.772751
     -37.072544
     -37.347481
     -37.670956
     -37.802883
     -37.949734
     -38.159645
     -38.319424
     -38.586777
     -38.994312
     -39.375439
     -39.635799
     -40.029861
     -40.145531
     -40.367393
     -40.515205
     -40.886097
     -41.225216
     -41.474632
     -41.781345
     -42.121822
     -42.197411
     -42.496208
     -42.737972
     -42.841038
     -42.980782
     -43.282848
     -43.586208
     -43.776974
     -43.985817
     -44.114414
     -44.199883
     -44.540302
     -44.723270
     -44.792408
     -44.839649
     -45.173702
     -45.370338
     -45.347443
     -45.518238
     -45.731430
     -45.939846
     -46.106796
     -46.613201
     -46.796574
     -47.167797
     -47.141365
     -47.304665
     -47.422325
     -47.696594
     -47.980457
     -48.140579
     -48.202492
     -48.418739
     -48.473896
     -48.623184
     -48.684250
     -48.989754
     -49.202351
     -49.577877
     -49.823456
     -49.989262
     -50.143074
     -50.466183
     -50.661285
     -50.922081
     -51.063248
     -51.204956
     -51.276619
     -51.376884
     -51.626064
     -51.839409
     -52.121368
     -52.290421
     -52.419292
     -52.634289
     -52.795326
     -53.045296
     -53.442581
     -53.612404
     -53.598103
     -53.968952
     -54.040905
     -54.202885
     -54.242123
     -54.272945
     -54.321587
     -54.551048
     -54.518879
     -54.907131
     -54.928547
     -55.123302
     -55.224449
     -55.427765
     -55.530945
     -55.727917
     -55.979725
     -56.035862
     -56.170712
     -56.174282
     -56.396503
     -56.560650
     -56.636772
     -56.826870
     -56.813667
     -56.937035
     -57.149452
     -57.378666
     -57.546543
     -57.578224
     -57.922432
     -57.994202
     -58.041538
     -58.021469
     -58.441921
     -58.516457
     -58.631493
     -58.649342
     -58.909206
     -58.894188
     -59.025814
     -59.290604
     -59.411484
     -59.577644
     -59.806240
     -60.130482
     -60.143318
     -60.474663
     -60.593246
     -60.811245
     -60.872959
     -60.886749
     -61.217514
     -61.348709
     -61.361969
     -61.673126
     -61.749554
     -62.001675
     -62.151470
     -62.332691
     -62.393902
     -62.509216
     -62.510914
     -62.652409
     -62.759056
     -62.851505
     -62.873596
     -62.951561
     -63.123840
     -63.146568
     -63.429085
     -63.690083
     -63.830635
     -64.080833
     -64.246414
     -64.327690
     -64.601440
     -64.654396
     -64.716454
     -64.942604
     -65.072563
     -65.369911
     -65.543694
     -65.830658
     -65.996323
     -66.099655
     -66.100296
     -66.061188
     -66.204742
     -66.236938
     -66.520416
     -66.532234
     -66.505081
     -66.815063
     -66.951340
     -66.961510
     -67.308975
     -67.245728
     -67.394966
     -67.439705
     -67.621010
     -67.718086
     -67.836113
     -67.919479
     -68.090202
     -68.139610
     -68.144623
     -68.298958
     -68.396545
     -68.403595
     -68.661118
     -68.588638
     -68.827324
     -68.783310
     -69.050018
     -69.064041
     -69.320793
     -69.257812
     -69.610039
     -69.804100
     -69.955696
     -70.051308
     -70.184669
     -70.079155
     -70.200920
     -70.353073
     -70.439308
     -70.476906
     -70.700119
     -70.758545
     -70.889511
     -71.158531
     -71.313354
     -71.197601
     -71.279686
     -71.379082
     -71.586082
     -71.684143
     -71.653244
     -71.784012
     -71.938309
     -72.021065
     -72.109131
     -72.238174
     -72.339790
     -72.379402
     -72.468140
     -72.510765
     -72.655014
     -72.792519
     -72.978928
     -73.075584
     -73.257286
     -73.237671
     -73.202072
     -73.281944
     -73.270439
     -73.353729
     -73.555046
     -73.624306
     -73.905327
     -73.899521
     -73.935799
     -73.994308
     -74.021477
     -74.114426
     -74.206184
     -74.365692
     -74.318779
     -74.529884
     -74.685738
     -74.638618
     -74.661591
     -74.810318
     -74.774300
     -75.007889
     -75.054703
     -75.195801
     -75.341415
     -75.517586
     -75.380836
     -75.520195
     -75.489876
     -75.509567
     -75.735077
     -75.858070
     -76.029198
     -76.103653
     -76.223312
     -76.213570
     -76.334526
     -76.654243
     -76.534370
     -76.750656
     -76.634178
     -76.746368
     -76.787888
     -76.910446
     -76.908951
     -77.130646
     -77.217049
     -77.150253
     -77.091743
     -77.238945
     -77.239830
     -77.471947
     -77.614204
     -77.841133
     -77.756126
     -77.862427
     -77.936401
     -78.190231
     -78.261238
     -78.329651
     -78.509247
     -78.690392
     -78.818016
     -78.917580
     -78.967476
     -79.087379
     -79.117180
     -79.397163
     -79.626747
     -79.365822
     -79.412796
     -79.631165
     -79.603806
     -79.667892
     -79.899796
     -79.730255
     -79.851593
     -79.999634
     -80.095779
     -80.107559
     -80.244446
     -80.155052
     -80.265678
     -80.169296
     -80.378792
     -80.624504
     -80.666801
     -80.941200
     -81.015816
     -81.161697
     -81.182068
     -81.479805
     -81.650276
     -81.912659
     -81.889412
     -81.981956
     -82.088531
     -82.233818
     -82.228546
     -82.340210
     -82.561295
     -82.621109
     -82.700150
     -82.743042
     -82.660896
     -82.882019
     -83.065895
     -82.980705
     -83.093102
     -83.084091
     -83.226906
     -83.258736
     -83.262596
     -83.336243
     -83.509834
     -83.517395
     -83.501282
     -83.705139
     -83.720879
     -83.666580
     -83.755219
     -83.811249
     -83.858894
     -83.742805
     -83.784348
     -83.869400
     -83.783676
     -83.780006
     -83.828163
     -83.823074
     -83.703323
     -83.847008
     -83.925919
     -83.952461
     -84.054008
     -84.200989
     -84.258629
     -84.344139
     -84.349442
     -84.464844
     -84.395691
     -84.660286
     -84.524879
     -84.600533
     -84.476357
     -84.533852
     -84.496353
     -84.552818
     -84.644173
     -84.715919
     -84.816093
     -84.760239
     -84.957832
     -85.047401
     -85.178726
     -85.118217
     -85.164139
     -85.277557
     -85.213181
     -85.327950
     -85.249596
     -85.244324
     -85.226288
     -85.372643
     -85.487648
     -85.537766
     -85.768829
     -85.928566
     -85.859192
     -85.964638
     -85.790794
     -85.942940
     -86.041550
     -85.949982
     -85.915115
     -86.207451
     -86.021057
     -86.094902
     -86.193848
     -86.113403
     -86.126831
     -86.303749
     -86.563469
     -86.547569
     -86.569649
     -86.690430
     -86.520592
     -86.666939
     -86.710098
     -86.650177
     -86.741722
     -86.739807
     -86.979088
     -86.931770
     -87.125290
     -87.089470
     -87.153008
     -87.036293
     -87.258873
     -87.263817
     -87.251038
     -87.262619
     -87.163483
     -87.359337
     -87.258453
     -87.350754
     -87.255905
     -87.251595
     -87.224304
     -87.090538
     -87.154716
     -87.409042
     -87.231827
     -87.330078
     -87.473427
     -87.593010
     -87.603874
     -87.794250
     -87.815277
     -87.729820
     -87.812737
     -87.997993
     -87.974419
     -88.113670
     -88.251297
     -88.429092
     -88.396805
     -88.511627
     -88.399506
     -88.491280
     -88.313416
     -88.474289
     -88.489487
     -88.713196
     -88.788506
     -88.655891
     -88.630753
     -89.059235
     -88.968559
     -88.961761
     -88.903954
     -88.821976
     -88.753967
     -88.771797
     -88.775169
     -88.734856
     -88.752724
     -88.798645
     -88.961380
     -88.984161
     -89.176987
     -89.134682
     -89.114700
     -89.210922
     -89.522217
     -89.472412
     -89.477280
     -89.678391
     -89.840744
     -89.874245
     -89.953621
     -89.888382
     -90.085579
     -90.039169
     -90.009323
     -90.119621
     -90.274986
     -90.422150
     -90.385513
     -90.481247
     -90.442207
     -90.419159
     -90.514519
     -90.417267
     -90.357758
     -90.368164
     -90.295898
     -90.234917
     -90.327652
     -90.474960
     -90.507164
     -90.496155
     -90.531921
     -90.639496
     -90.695496
     -90.666595
     -90.689339
     -90.819206
     -90.715652
     -90.801254
     -90.630074
     -90.769501
     -90.711563
     -90.738419
     -90.806091
     -90.798752
     -90.931808
     -91.028923
     -90.866844
     -91.001549
     -91.000107
     -91.119980
     -91.125153
     -91.121887
     -91.263184
     -91.477211
     -91.586311
     -91.713768
     -91.695969
     -91.833595
     -91.696373
     -91.825974
     -91.900650
     -91.829933
     -91.875999
     -91.611511
     -91.709114
     -91.854088
     -92.029366
     -91.929825
     -91.955765
     -92.094337
     -92.076561
     -92.120461
     -92.181038
     -92.248238
     -92.299484
     -92.391930
     -92.383888
     -92.262047
     -92.223984
     -92.152298
     -92.240143
     -92.284317
     -92.190224
     -92.394943
     -92.442894
     -92.462418
     -92.566811
     -92.576126
     -92.709114
     -92.583870
     -92.694290
     -92.715179
     -92.628357
     -92.722488
     -92.682213
     -92.593147
     -92.708878
     -92.734116
     -92.916809
     -93.015282
     -93.038460
     -93.047485
     -93.021164
     -93.255020
     -93.254456
     -93.251732
     -93.352005
     -93.255501
     -93.279907
     -93.425240
     -93.459557
     -93.546524
     -93.507805
     -93.551849
     -93.275085
     -93.305450
     -93.404022
     -93.329208
     -93.226166
     -93.339874
     -93.342369
     -93.308426
     -93.523544
     -93.488274
     -93.591049
     -93.711380
     -93.757462
     -93.847221
     -93.696983
     -93.679993
     -93.572624
     -93.735725
     -93.728256
     -93.967018
     -93.978554
     -93.852554
     -94.141182
     -94.151764
     -94.428955
     -94.647697
     -94.901939
     -95.239243
     -95.514793
     -95.920479
     -96.219444
     -96.381111
     -96.685081
     -96.764473
     -96.978584
     -97.474449
     -97.730957
     -98.096237
     -98.313210
     -98.611275
     -98.896286
     -99.017036
     -99.246880
     -99.530502
     -99.736595
    -100.002884
    -100.331200
    -100.550003
    -100.788544
    -101.087112
    -101.167580
    -101.337868
    -101.555336
    -101.883690
    -102.017273
    -102.292175
    -102.490547
    -102.721397
    -102.953354
    -103.033516
    -103.324326
    -103.569771
    -103.727242
    -103.776154
    -104.087341
    -104.118469
    -104.436279
    -104.794670
    -105.046776
    -105.387848
    -105.688324
    -105.882133
    -105.982506
    -106.291344
    -106.470055
    -106.684425
    -106.903717
    -106.977570
    -107.255814
    -107.330605
    -107.480499
    -107.538040
    -107.553307
    -107.683182
    -107.742065
    -107.824638
    -107.974937
    -108.187698
    -108.490044
    -108.500259
    -108.707314
    -108.886520
    -108.980568
    -109.071594
    -109.334793
    -109.436661
    -109.797508
    -109.939743
    -110.023743
    -110.091454
    -110.426430
    -110.509979
    -110.728455
    -110.835182
    -111.070107
    -111.160141
    -111.343140
    -111.477654
    -111.570244
    -111.900978
    -111.918747
    -112.052040
    -112.197838
    -112.434258
    -112.682724
    -112.724281
    -112.824944
    -112.845985
    -113.055573
    -113.193405
    -113.229935
    -113.441551
    -113.477379
    -113.797356
    -114.012688
    -114.266289
    -114.209267
    -114.591812
    -114.810181
    -115.127861
    -115.203560
    -115.309326
    -115.357933
    -115.428673
    -115.666161
    -115.680359
    -115.901413
    -116.153816
    -116.209785
    -116.229172
    -116.552177
    -116.799408
    -116.893578
    -117.061516
    -117.044693
    -117.150169
    -117.174294
    -117.354378
    -117.664062
    -117.917778
    -118.107048
    -118.402519
    -118.448433
    -118.692520
    -118.719040
    -118.896782
    -119.085129
    -119.194466
    -119.358315
    -119.613510
    -119.836784
    -120.064438
    -120.226936
    -120.431747
    -120.712395
    -120.913208
    -121.030273
    -121.177376
    -121.367912
    -121.588623
    -121.820007
    -121.937920
    -122.157265
    -122.429657
    -122.553566
    -122.619034
    -122.799789
    -122.976883
    -123.113380
    -123.312614
    -123.464241
    -123.746468
    -123.966667
    -124.090164
    -124.278847
    -124.402611
    -124.539162
    -124.590698
    -124.821625
    -125.034218
    -125.243080
    -125.420670
    -125.579575
    -125.768784
    -125.830803
    -126.231979
    -126.537781
    -126.746613
    -126.899490
    -127.191437
    -127.044006
    -127.127457
    -127.435570
    -127.553810
    -127.617775
    -127.831703
    -128.028275
    -128.267471
    -128.507706
    -128.658676
    -128.874359
    -129.003952
    -129.161819
    -129.350952
    -129.700165
    -129.840149
    -129.955673
    -130.266830
    -130.462189
    -130.736420
    -130.835190
    -130.996414
    -131.069183
    -131.181503
    -131.445297
    -131.725891
    -131.830887
    -132.063385
    -132.147324
    -132.507980
    -132.762192
    -133.017303
    -133.116989
    -133.358795
    -133.428940
    -133.592743
    -133.774902
    -133.859894
    -133.955948
    -134.315735
    -134.495163
    -134.577393
    -134.624969
    -135.024567
    -135.004486
    -135.223297
    -135.668106
    -135.902771
    -136.130341
    -136.212723
    -136.292557
    -136.338608
    -136.597778
    -136.775696
    -136.969360
    -137.232071
    -137.325150
    -137.528961
    -137.755875
    -137.992142
    -138.228287
    -138.531189
    -138.842941
    -138.977066
    -139.095657
    -139.206116
    -139.344543
    -139.617706
    -139.770264
    -139.882324
    -140.181107
    -140.371841
    -140.618973
    -140.586533
    -140.835495
    -140.887695
    -141.178757
    -141.273636
    -141.491547
    -141.623062
    -141.633606
    -141.839386
    -141.920364
    -142.112823
    -142.380981
    -142.684891
    -142.877518
    -143.112869
    -143.314743
    -143.531998
    -143.705170
    -143.669937
    -143.926559
    -144.040604
    -144.295135
    -144.324265
    -144.581146
    -144.639175
    -144.945374
    -145.144592
    -145.382950
    -145.490555
    -145.798813
    -146.068466
    -146.346695
    -146.514771
    -146.770416
    -147.011932
    -147.150497
    -147.477554
    -147.535477
    -147.878555
    -148.019363
    -148.223862
    -148.357635
    -148.518295
    -148.831711
    -149.094299
    -149.300690
    -149.614746
    -149.876556
    -150.105972
    -150.304504
    -150.382812
    -150.623047
    -150.719070
    -150.890320
    -151.167572
    -151.213928
    -151.546814
    -151.690948
    -151.931671
    -152.092636
    -152.213715
    -152.442566
    -152.485199
    -152.598801
    -152.647614
    -152.824844
    -153.084259
    -153.058167
    -153.063812
    -153.189774
    -153.370453
    -153.515457
    -153.568619
    -153.681732
    -153.779358
    -153.886658
    -154.053329
    -154.267303
    -154.561462
    -154.677124
    -154.892334
    -154.578415
    -154.421402
    -154.212219
    -154.136322
    -153.912201
    -153.831360
    -153.693970
    -153.555130
    -153.544250
    -153.454269
    -153.166138
    -152.944000
    -152.751907
    -152.737015
    -152.572250
    -152.468887
    -152.412796
    -152.195969
    -152.162247
    -152.067902
    -152.182449
    -151.889923
    -151.657974
    -151.609238
    -151.586609
    -151.429840
    -151.196991
    -151.045883
    -151.013046
    -150.771729
    -150.506363
    -150.443893
    -150.202026
    -150.257751
    -150.058502
    -149.918716
    -149.716232
    -149.798615
    -149.715210
    -149.523010
    -149.364136
    -149.256393
    -149.143829
    -149.044937
    -148.923157
    -148.715652
    -148.776245
    -148.611404
    -148.520737
    -148.536331
    -148.227646
    -148.282898
    -148.237595
    -148.191177
    -148.039062
    -148.162201
    -148.071060
    -148.086014
    -147.956787
    -148.000076
    -147.794556
    -147.702972
    -147.682938
    -147.587112
    -147.537628
    -147.612183
    -147.565216
    -147.569458
    -147.531998
    -147.419861
    -147.403656
    -147.415207
    -147.322678
    -147.268661
    -147.198639
    -147.186935
    -147.239166
    -147.130707
    -147.195114
    -147.085907
    -146.874268
    -146.912720
    -146.889496
    -146.866638
    -146.740387
    -146.662460
    -146.576553
    -146.798187
    -146.680496
    -146.482712
    -146.383835
    -146.145035
    -146.240311
    -146.213043
    -146.163559
    -145.847290
    -145.839325
    -145.792496
    -145.669815
    -145.604080
    -145.607681
    -145.622513
    -145.643875
    -145.491470
    -145.352798
    -145.221756
    -144.912552
    -144.911865
    -144.821381
    -144.819504
    -144.773590
    -144.754959
    -144.634338
    -144.517609
    -144.400055
    -144.384064
    -144.382584
    -144.399094
    -144.339127
    -144.415146
    -144.279388
    -144.401642
    -144.089691
    -144.029755
    -143.897339
    -143.911301
    -143.748505
    -143.849991
    -143.820770
    -143.758301
    -143.467041
    -143.448166
    -143.321243
    -143.191803
    -143.226334
    -143.159256
    -143.228851
    -143.035706
    -142.950790
    -142.945007
    -142.823761
    -142.792572
    -142.857025
    -142.678467
    -142.663864
    -142.568588
    -142.664520
    -142.649185
    -142.728226
    -142.803329
    -142.899658
    -142.797165
    -142.770630
    -142.573532
    -142.836411
    -142.876709
    -142.864502
    -142.886536
    -142.792572
    -142.648697
    -142.594604
    -142.505554
    -142.409180
    -142.266800
    -142.271576
    -142.111786
    -142.250610
    -142.356400
    -142.442780
    -142.252518
    -142.310150
    -142.162033
    -142.335938
    -142.393509
    -142.499908
    -142.278687
    -142.438354
    -142.348984
    -142.402435
    -142.423462
    -142.276245
    -142.500916
    -142.587311
    -142.515594
    -142.265640
    -142.388290
    -142.417755
    -142.523087
    -142.329559
    -142.210434
    -142.164810
    -142.294876
    -142.215408
    -142.131073
    -142.200500
    -142.312531
    -142.144363
    -142.120361
    -142.081985
    -142.071259
    -142.010925
    -141.984680
    -142.001450
    -141.997391
    -142.026459
    -141.957870
    -141.969727
    -141.954575
    -141.923065
    -141.701019
    -141.625595
    -141.651550
    -141.495544
    -141.550629
    -141.453400
    -141.633118
    -141.511230
    -141.345642
    -141.365540
    -141.396820
    -141.428558
    -141.472290
    -141.516037
    -141.366089
    -141.564789
    -141.399948
    -141.462021
    -141.310730
    -141.335373
    -141.292007
    -141.241364
    -141.226151
    -141.136475
    -140.976593
    -140.990906
    -141.258194
    -141.172363
    -141.178360
    -141.304276
    -141.141357
    -141.072083
    -141.145599
    -141.189392
    -141.351120
    -141.190018
    -141.074875
    -141.123779
    -141.102371
    -141.095428
    -141.071732
    -140.839966
    -141.021042
    -140.934525
    -140.806381
    -140.740219
    -140.735840
    -140.803055
    -140.777222
    -140.663422
    -140.875168
    -140.820663
    -140.916595
    -141.061554
    -141.071823
    -140.841156
    -140.845062
    -140.772766
    -140.771057
    -140.824112
    -140.922974
    -140.893860
    -140.935135
    -141.060944
    -141.282059
    -141.377701
    -141.416428
    -141.614639
    -141.970383
    -142.110657
    -142.037796
    -142.102676
    -142.191956
    -142.469223
    -142.674606
    -142.806076
    -142.845840
    -142.979355
    -142.977249
    -143.032562
    -143.267014
    -143.280060
    -143.348373
    -143.284225
    -143.348236
    -143.577271
    -143.740082
    -143.819992
    -143.848221
    -143.898239
    -144.027725
    -144.016739
    -144.205902
    -144.316086
    -144.468246
    -144.520874
    -144.574692
    -144.668060
    -144.682846
    -144.738419
    -144.697357
    -144.694641
    -144.930710
    -145.139206
    -145.219650
    -145.170776
    -145.200394
    -145.371689
    -145.433044
    -145.457993
    -145.522995
    -145.617401
    -145.773163
    -145.736465
    -145.908600
    -145.989761
    -145.960144
    -146.061081
    -146.076584
    -146.180054
    -146.284195
    -146.334778
    -146.443497
    -146.547928
    -146.656876
    -146.643661
    -146.675735
    -146.791321
    -146.800919
    -146.979218
    -146.881180
    -146.990784
    -147.124268
    -147.129349
    -147.252823
    -147.363098
    -147.261185
    -147.438248
    -147.321930
    -147.459442
    -147.541931
    -147.583023
    -147.616150
    -147.557037
    -147.646698
    -147.754669
    -147.848618
    -147.861237
    -148.013824
    -148.072922
    -148.199844
    -148.032791
    -148.191330
    -148.269196
    -148.212402
    -148.352203
    -148.311615
    -148.498581
    -148.595322
    -148.687836
    -148.772141
    -148.844101
    -148.741989
    -148.721069
    -148.604324
    -148.612000
    -148.696838
    -148.668884
    -148.822113
    -148.763794
    -148.699219
    -148.803802
    -148.845230
    -148.855408
    -148.935349
    -148.843307
    -148.987671
    -149.047760
    -149.042343
    -148.953033
    -148.943802
    -148.770218
    -148.883789
    -148.973892
    -149.035553
    -149.034927
    -149.012726
    -149.215607
    -149.244568
    -149.356476
    -149.462494
    -149.519943
    -149.594345
    -149.724457
    -149.860428
    -150.012680
    -149.901062
    -149.836945
    -149.942505
    -149.886978
    -149.936340
    -150.124969
    -150.161850
    -150.269073
    -150.191833
    -150.338989
    -150.367813
    -150.448792
    -150.405380
    -150.405746
    -150.411865
