     -22.389841
     -22.602011
     -22.737242
     -22.882000
     -23.135908
     -23.219746
     -23.417009
     -23.543837
     -23.630877
     -23.745577
     -23.979738
     -24.144783
     -24.437719
     -24.447121
     -24.635525
     -24.743940
     -24.943233
     -25.162004
     -25.192360
     -25.550001
     -25.652834
     -25.738525
     -25.838408
     -26.166271
     -26.277334
     -26.406397
     -26.488768
     -26.654646
     -26.835642
     -27.030960
     -27.081970
     -27.209284
     -27.332687
     -27.514507
     -27.615698
     -27.776485
     -27.947039
     -28.102512
     -28.278259
     -28.554888
     -28.700279
     -28.993618
     -29.171320
     -29.370188
     -29.547714
     -29.602186
     -29.837158
     -29.786503
     -29.870644
     -30.058968
     -30.288153
     -30.283165
     -30.522892
     -30.611536
     -30.742819
     -30.959387
     -30.786917
     -31.013605
     -31.121248
     -31.360754
     -31.323833
     -31.296261
     -31.237694
     -31.478470
     -31.576633
     -31.671049
     -31.753876
     -31.888813
     -31.895954
     -32.051182
     -32.108288
     -32.163090
     -32.310947
     -32.412544
     -32.405293
     -32.682976
     -32.942272
     -33.189014
     -33.370449
     -33.272346
     -33.503704
     -33.619030
     -33.674919
     -33.956051
     -34.018936
     -34.118595
     -34.249882
     -34.408619
     -34.516350
     -34.494469
     -34.590302
     -34.507053
     -34.480476
     -34.636932
     -34.718742
     -34.705570
     -34.807468
     -34.911594
     -34.968769
     -35.178963
     -35.035458
     -35.140530
     -35.234188
     -35.408760
     -35.528168
     -35.453022
     -35.656197
     -35.561573
     -35.875866
     -35.977718
     -36.157215
     -36.255268
     -36.172619
     -36.339333
     -36.412647
     -36.713028
     -36.967659
     -37.067310
     -37.106560
     -37.135674
     -37.257595
     -37.321358
     -37.446075
     -37.587425
     -37.725693
     -37.663887
     -37.908745
     -37.778000
     -37.876545
     -38.097862
     -38.201271
     -38.355850
     -38.475979
     -38.522823
     -38.661064
     -38.716782
     -38.981743
     -39.253910
     -39.338863
     -39.262806
     -39.490730
     -39.586010
     -39.589439
     -39.809414
     -39.912079
     -40.065361
     -40.040535
     -40.193111
     -40.055962
     -40.176228
     -40.164169
     -40.423752
     -40.401649
     -40.709671
     -40.844688
     -40.971390
     -41.023922
     -41.163452
     -41.239113
     -41.475117
     -41.618599
     -41.554733
     -41.596230
     -41.730602
     -41.728260
     -41.887249
     -41.807926
     -41.882477
     -41.952488
     -41.863121
     -41.924133
     -41.976658
     -41.952854
     -42.178299
     -42.107269
     -42.143291
     -42.365879
     -42.379616
     -42.363209
     -42.481064
     -42.579914
     -42.523582
     -42.728367
     -42.946201
     -42.937683
     -43.195553
     -43.271717
     -43.377762
     -43.408939
     -43.537140
     -43.677727
     -43.652355
     -43.750515
     -43.855789
     -43.953575
     -44.077320
     -44.109409
     -44.288910
     -44.286049
     -44.261944
     -44.453007
     -44.478558
     -44.715168
     -44.878010
     -44.779884
     -44.819908
     -44.946499
     -44.915291
     -45.121441
     -45.170769
     -45.053608
     -45.408787
     -45.262028
     -45.407284
     -45.353413
     -45.533657
     -45.554996
     -45.717037
     -45.652485
     -45.926067
     -46.407887
     -46.902653
     -47.438000
     -47.961735
     -48.243176
     -48.685448
     -49.022419
     -49.272446
     -49.624569
     -50.091404
     -50.614574
     -50.961170
     -51.437943
     -51.839008
     -52.211010
     -52.551079
     -52.975235
     -53.171665
     -53.794247
     -53.997154
     -54.502296
     -54.721004
     -55.187462
     -55.686394
     -55.817451
     -56.096279
     -56.411942
     -56.871475
     -57.192699
     -57.531086
     -57.653877
     -57.797913
     -58.042381
     -58.323112
     -58.596333
     -58.923008
     -59.338428
     -59.809422
     -60.114529
     -60.384270
     -60.719364
     -60.973904
     -61.529564
     -61.782490
     -61.975845
     -62.340656
     -62.696415
     -63.074352
     -63.334095
     -63.741306
     -63.888733
     -64.191231
     -64.683769
     -64.973389
     -65.335976
     -65.806000
     -66.066986
     -66.351639
     -66.702126
     -67.023354
     -67.205574
     -67.445732
     -67.836937
     -68.235832
     -68.451538
     -68.904083
     -69.206451
     -69.356720
     -69.646439
     -70.009331
     -70.247826
     -70.471466
     -70.778397
     -71.145309
     -71.413139
     -71.537231
     -71.840935
     -72.108719
     -72.215492
     -72.406448
     -72.710381
     -73.057182
     -73.236618
     -73.494637
     -73.782784
     -74.078720
     -74.200233
     -74.592484
     -74.763931
     -74.901886
     -75.157455
     -75.454887
     -75.798347
     -75.967880
     -76.564247
     -76.673248
     -77.008667
     -77.264694
     -77.485977
     -77.694191
     -77.981598
     -78.077362
     -78.316345
     -78.330833
     -78.766396
     -78.886879
     -78.975571
     -79.417496
     -79.565033
     -79.773499
     -79.912094
     -80.241898
     -80.580460
     -80.884811
     -81.148506
     -81.279480
     -81.730522
     -81.967590
     -82.151047
     -82.421249
     -82.387619
     -82.749168
     -83.074959
     -83.226799
     -83.491875
     -83.748497
     -84.110260
     -84.263687
     -84.417900
     -84.721046
     -84.881081
     -84.989578
     -85.087524
     -85.290543
     -85.483398
     -85.613304
     -85.867722
     -86.185326
     -86.307434
     -86.389633
     -86.534416
     -86.633461
     -86.934669
     -87.190079
     -87.365257
     -87.481056
     -87.758919
     -87.912918
     -88.051155
     -88.340775
     -88.326416
     -88.482643
     -88.602570
     -88.760315
     -88.909134
     -89.168755
     -89.245743
     -89.456131
     -89.587479
     -89.889145
     -90.122475
     -90.327629
     -90.400032
     -90.579521
     -90.991371
     -91.095085
     -91.183220
     -91.223076
     -91.427986
     -91.705162
     -92.020264
     -92.209961
     -92.523003
     -92.695999
     -93.047440
     -93.274269
     -93.413193
     -93.637520
     -93.644859
     -93.925331
     -93.923058
     -94.234367
     -94.368401
     -94.566978
     -94.987091
     -95.035446
     -95.176338
     -95.254745
     -95.404976
     -95.564720
     -95.709618
     -95.995750
     -96.155708
     -96.160774
     -96.349693
     -96.590904
     -96.541237
     -96.866020
     -97.088837
     -97.259064
     -97.508453
     -97.741478
     -97.762894
     -97.905548
     -98.088478
     -98.260635
     -98.639252
     -98.721390
     -98.920227
     -99.205750
     -99.179916
     -99.333557
     -99.527359
     -99.677727
     -99.751762
     -99.901337
    -100.178047
    -100.404678
    -100.559914
    -100.734138
    -100.894493
    -101.161407
    -101.215271
    -101.141937
    -101.239975
    -101.343307
    -101.436508
    -101.434357
    -101.688103
    -101.627655
    -101.783485
    -102.097885
    -102.296501
    -102.443359
    -102.566185
    -102.679459
    -102.844635
    -102.930962
    -103.058968
    -103.226280
    -103.263443
    -103.542664
    -103.685516
    -103.812416
    -104.019089
    -104.216431
    -104.486710
    -104.695206
    -104.936478
    -105.038193
    -105.118057
    -105.306877
    -105.585579
    -105.774414
    -105.865349
    -105.959816
    -106.190948
    -106.311081
    -106.507256
    -106.726486
    -106.805534
    -106.913788
    -107.191994
    -107.368179
    -107.539452
    -107.773460
    -107.784813
    -107.909904
    -108.111153
    -108.388832
    -108.317421
    -108.338348
    -108.330727
    -108.416443
    -108.560181
    -108.829399
    -109.046928
    -109.133408
    -109.140030
    -109.209106
    -109.417854
    -109.622467
    -109.791405
    -109.838379
    -109.903618
    -109.975365
    -110.163635
    -110.241753
    -110.326340
    -110.623604
    -110.689880
    -110.788307
    -111.099281
    -111.224541
    -111.359261
    -111.462791
    -111.627769
    -111.778076
    -111.981621
    -112.109192
    -112.192398
    -112.200798
    -112.384369
    -112.673523
    -112.665611
    -112.687729
    -113.034096
    -113.096672
    -113.260078
    -113.246025
    -113.364166
    -113.590714
    -113.785408
    -113.924713
    -114.075439
    -114.086929
    -114.207588
    -114.231033
    -114.415375
    -114.516914
    -114.737938
    -114.971001
    -115.139839
    -115.330177
    -115.382362
    -115.556458
    -115.752632
    -115.799164
    -115.986809
    -115.921402
    -116.072449
    -116.012138
    -116.158905
    -116.618988
    -116.732544
    -116.851273
    -117.077660
    -117.090500
    -117.176933
    -117.250603
    -117.285057
    -117.533852
    -117.649437
    -117.785057
    -118.046646
    -117.980682
    -118.077263
    -118.200172
    -118.308548
    -118.542236
    -118.644684
    -118.802437
    -119.013260
    -119.090317
    -119.343010
    -119.477280
    -119.624908
    -119.723373
    -119.867569
    -119.852203
    -120.033714
    -120.233444
    -120.256203
    -120.470596
    -120.713654
    -120.797844
    -120.955307
    -121.130592
    -121.109940
    -121.212578
    -121.359703
    -121.229874
    -121.445564
    -121.572403
    -121.865616
    -121.944603
    -122.032455
    -122.284256
    -122.368240
    -122.593399
    -122.600464
    -122.604858
    -122.683083
    -122.740982
    -122.962135
    -123.140633
    -123.194420
    -123.377838
    -123.472244
    -123.536705
    -123.738297
    -123.942612
    -124.011116
    -124.121590
    -124.201660
    -124.241058
    -124.386574
    -124.529579
    -124.549271
    -124.785759
    -124.809891
    -125.047562
    -125.299507
    -125.301407
    -125.369850
    -125.413139
    -125.533119
    -125.707268
    -125.695335
    -125.863098
    -125.945786
    -126.084816
    -126.213417
    -126.287483
    -126.516609
    -126.576210
    -126.692116
    -126.784798
    -126.924713
    -127.153854
    -127.231934
    -127.304817
    -127.409950
    -127.497726
    -127.681755
    -127.823776
    -127.904404
    -128.001785
    -128.319489
    -128.514374
    -128.744568
    -128.776047
    -128.781204
    -129.099915
    -129.190125
    -129.368713
    -129.378357
    -129.589752
    -129.632919
    -129.864212
    -129.984634
    -130.212936
    -130.595917
    -130.577103
    -130.864304
    -131.049805
    -131.309830
    -131.398270
    -131.552414
    -131.638550
