     -65.442200
     -65.770866
     -65.772659
     -65.830154
     -65.748528
     -65.691879
     -65.659271
     -65.712669
     -65.898277
     -65.909836
     -66.101730
     -66.163422
     -66.372154
     -66.544212
     -66.573730
     -66.702873
     -66.701965
     -66.815346
     -66.786453
     -66.644463
     -66.643890
     -66.664810
     -66.831535
     -66.868355
     -66.783707
     -66.791580
     -66.850060
     -66.865631
     -67.005272
     -67.033905
     -66.933395
     -67.051186
     -67.270477
     -67.190453
     -67.283188
     -67.372009
     -67.544113
     -67.554703
     -67.496033
     -67.503159
     -67.633667
     -67.523735
     -67.573555
     -67.675438
     -67.658348
     -67.886528
     -67.956161
     -67.911598
     -68.188057
     -68.138474
     -68.339462
     -68.331833
     -68.347282
     -68.555824
     -68.534073
     -68.743950
     -68.678856
     -69.026756
     -68.976509
     -69.164619
     -69.242760
     -69.228539
     -69.267212
     -69.248810
     -69.243431
     -69.197403
     -69.419708
     -69.428246
     -69.434250
     -69.366653
     -69.483269
     -69.611816
     -69.840790
     -69.808807
     -69.908920
     -69.774796
     -69.947083
     -70.079475
     -70.126274
     -70.095276
     -70.045349
     -70.171989
     -70.242035
     -70.220016
     -70.286995
     -70.591736
     -70.689636
     -70.736168
     -70.776711
     -70.842033
     -70.722229
     -70.811745
     -70.863815
     -70.765945
     -70.848381
     -70.873169
     -70.864090
     -70.902184
     -71.017494
     -70.910278
     -70.842018
     -71.063278
     -70.998840
     -71.122047
     -71.106590
     -71.163704
     -71.310616
     -71.532806
     -71.407677
     -71.369362
     -71.502937
     -71.498650
     -71.773567
     -71.958824
     -72.006058
     -71.956703
     -72.099319
     -72.125275
     -71.986404
     -72.101089
