     -70.932655
     -71.239151
     -71.661316
     -72.165924
     -72.554474
     -72.922821
     -73.405396
     -73.789795
     -74.316803
     -74.759735
     -74.977425
     -75.506256
     -75.933670
     -76.305840
     -76.612030
     -76.910896
     -77.352951
     -77.829079
     -78.257919
     -78.621574
     -79.096413
     -79.535355
     -79.935959
     -80.066406
     -80.482491
     -80.794136
     -81.188538
     -81.622818
     -82.052414
     -82.463287
     -82.664383
     -83.112724
     -83.771606
     -84.226952
     -84.800346
     -85.051712
     -85.188400
     -85.552261
     -85.997391
     -86.348862
     -86.847038
     -87.003044
     -87.491440
     -87.785324
     -88.109856
     -88.509346
     -88.890770
     -89.382126
     -89.743813
     -89.938354
     -90.248314
     -90.502190
     -90.928391
     -91.165283
     -91.456650
     -91.938972
     -92.410034
     -92.634323
     -93.110207
     -93.487480
     -93.878891
     -94.202301
     -94.553139
     -94.754494
     -95.002945
     -95.438171
     -95.644859
     -96.161530
     -96.530334
     -96.855873
     -97.057991
     -97.380745
     -97.654701
     -98.065018
     -98.481041
     -98.819183
     -99.095085
     -99.406319
     -99.672623
    -100.009003
    -100.358917
    -100.451820
    -100.761131
    -101.238312
    -101.470734
    -101.895767
    -102.114426
    -102.443710
    -102.770248
    -103.177612
    -103.330490
    -103.871376
    -104.128273
    -104.547394
    -104.789558
    -105.040771
    -105.506004
    -105.913063
    -106.200699
    -106.605827
    -106.919762
    -107.270271
    -107.528305
    -107.763702
    -108.106026
    -108.372490
    -108.587296
    -108.887756
    -109.187218
    -109.613007
    -109.817108
    -110.021950
    -110.437119
    -110.864349
    -111.115639
    -111.292374
    -111.586952
    -112.149101
    -112.428596
    -112.780739
    -112.993538
    -113.413666
    -113.810600
    -114.236916
    -114.629517
    -114.900513
    -115.222328
    -115.579811
    -115.892189
    -116.090927
    -116.381927
    -116.676979
    -117.127831
    -117.516365
    -117.804085
    -118.086937
    -118.409096
    -118.792923
    -119.325569
    -119.625908
    -120.084846
    -120.287422
    -120.509338
    -120.884140
    -121.273132
    -121.583832
    -122.020721
    -122.348015
    -122.539513
    -122.745544
    -123.039581
    -123.315529
    -123.737358
    -124.049881
    -124.438362
    -124.535545
    -124.926567
    -125.297272
    -125.831017
    -125.973778
    -126.291084
    -126.467682
    -126.822525
    -127.309929
    -127.484886
    -127.965500
    -128.159058
    -128.524536
    -128.830673
    -129.129059
    -129.648773
    -129.813690
    -130.010315
    -130.432281
    -130.567657
    -130.960876
    -131.098099
    -131.425827
    -131.741745
    -131.873230
    -132.234634
    -132.454407
    -132.676331
    -133.120544
    -133.318344
    -133.614334
    -133.950943
    -134.254196
    -134.431839
    -134.580765
    -134.907120
    -135.050507
    -135.481827
    -135.670364
    -135.898819
    -136.125351
    -136.475449
    -136.722824
    -136.947464
    -137.287766
    -137.604004
    -137.865646
    -138.099319
    -138.291153
    -138.549194
    -138.693008
    -138.836761
    -139.200943
    -139.274109
    -139.469696
    -139.797562
    -140.032486
    -140.286606
    -140.588486
    -140.941925
    -141.265457
    -141.694046
    -142.047546
    -142.352737
    -142.632111
    -142.912155
    -143.220032
    -143.366196
    -143.845993
    -143.957687
    -144.239380
    -144.507797
    -144.723160
    -145.016251
    -145.285522
    -145.540054
    -145.761353
    -145.931290
    -146.271255
    -146.587021
    -146.753860
    -147.015686
    -147.461121
    -147.637711
    -147.911209
    -148.138351
    -148.431534
    -148.678284
    -148.863312
    -149.079926
    -149.416336
    -149.600571
    -149.980301
    -150.317261
    -150.382980
    -150.663574
    -150.756927
    -151.106277
    -151.225464
    -151.495407
    -151.592194
    -151.918243
    -152.245956
    -152.409714
    -152.787872
    -152.926025
    -153.272491
    -153.517685
    -153.773972
    -153.958664
    -154.064041
    -154.434845
    -154.460556
    -154.870300
    -155.076157
    -155.315109
    -155.475784
    -155.634857
    -155.805496
    -156.158157
    -156.511047
    -156.695282
    -156.930206
    -157.229980
    -157.487213
    -157.771759
    -157.976791
    -158.095093
    -158.375137
    -158.802689
    -159.114731
    -159.317184
    -159.640732
    -159.716232
    -160.021042
    -160.271515
    -160.510544
    -160.689392
    -160.934341
    -161.167908
    -161.412750
    -161.469208
    -161.856171
    -161.917953
    -162.180496
    -162.325745
    -162.600891
    -163.013397
    -163.126755
    -163.273529
    -163.435608
    -163.522491
    -163.715805
    -163.954666
    -164.113052
    -164.211517
    -164.484467
    -164.890259
    -165.068085
    -165.298355
    -165.659973
    -165.823669
    -166.081879
    -166.359283
    -166.553787
    -166.851837
    -167.098450
    -167.205826
    -167.377899
    -167.583176
    -167.889618
    -168.024536
    -168.151672
    -168.437042
    -168.481064
    -168.605820
    -168.776138
    -169.030731
    -169.373657
    -169.669693
    -169.937531
    -170.134476
    -170.234879
    -170.475723
    -170.519394
    -170.751511
    -170.877594
    -171.123962
    -171.254364
    -171.404480
    -171.508179
    -171.714249
    -171.930527
    -172.237366
    -172.294128
    -172.535797
    -172.578415
    -172.679565
    -173.107254
    -173.168381
    -173.283081
    -173.422440
    -173.547852
    -173.787674
    -173.985794
    -174.081528
    -174.221832
    -174.480499
    -174.706787
    -174.966995
    -175.078247
    -175.207382
    -175.338531
    -175.604477
    -175.735870
    -175.982071
    -176.187500
    -176.312454
    -176.540543
    -176.813400
    -177.004211
    -177.173157
    -177.224869
    -177.387177
    -177.735245
    -177.918427
    -178.044846
    -178.363602
    -178.580017
    -178.849686
    -178.975266
    -179.213638
    -179.323090
    -179.578812
    -179.734665
    -179.907440
    -180.073975
    -180.226746
    -180.474869
    -180.847656
    -180.895020
    -180.933060
    -181.165527
    -181.288559
    -181.541519
    -181.688080
    -181.865295
    -182.084686
    -182.267899
    -182.314804
    -182.457169
    -182.677292
    -182.847412
    -183.004898
    -183.283386
    -183.487366
    -183.687332
    -183.920959
    -183.976303
    -184.239868
    -184.369308
    -184.485474
    -184.579437
    -184.843842
    -185.072220
    -185.096512
    -185.401306
    -185.663116
    -185.739548
    -185.951477
    -186.063477
    -186.192581
    -186.435516
    -186.767578
    -186.954575
    -186.980255
    -187.177338
    -187.439789
    -187.682236
    -187.711395
    -187.862305
    -187.993927
    -188.254730
    -188.467667
    -188.651993
    -188.806305
    -189.064697
    -189.228165
    -189.299088
    -189.545731
    -189.700531
    -189.845703
    -189.974716
    -190.197266
    -190.435181
    -190.576904
    -190.953949
    -191.056091
    -191.232925
    -191.523758
    -191.825134
    -192.095245
    -192.303986
    -192.580154
    -192.855621
    -193.215179
    -193.494186
    -193.822876
    -194.077759
    -194.389694
    -194.673935
    -194.987732
    -195.209091
    -195.455017
    -195.618713
    -196.029816
    -196.309723
    -196.537399
    -196.893555
    -197.225143
    -197.381256
    -197.761902
    -197.951614
    -198.331665
    -198.440186
    -198.631714
    -198.913620
    -199.129700
    -199.400894
    -199.653015
    -199.885864
    -200.183212
    -200.458511
    -200.766205
    -200.971878
    -201.213562
    -201.437561
    -201.475388
    -201.938751
    -202.121185
    -202.385971
    -202.773285
    -203.012787
    -203.230530
    -203.522522
    -203.554886
    -203.644684
    -203.891663
    -204.286087
    -204.528748
    -204.691742
    -205.006058
    -205.188065
    -205.275391
    -205.477875
    -205.531479
    -205.799820
    -205.943390
    -206.240616
    -206.503586
    -206.689758
    -206.975540
    -207.095596
    -207.346375
    -207.624863
    -207.816360
    -208.053879
    -208.329102
    -208.626266
    -208.839005
    -209.025482
    -209.267548
    -209.516006
    -209.775635
    -209.896454
    -210.074341
    -210.327042
    -210.471634
    -210.716415
    -211.039001
    -211.264374
    -211.473816
    -211.624329
    -211.735840
    -211.942734
    -212.223679
    -212.213226
    -212.430542
    -212.586334
    -212.813446
    -212.833405
    -213.093704
    -213.280197
    -213.598038
    -213.740143
    -213.931503
    -214.067596
    -214.103699
    -214.388748
    -214.524307
    -214.816238
    -214.904602
    -215.065567
    -215.274857
    -215.420395
    -215.514343
    -215.567627
    -215.851898
    -216.060364
    -216.199768
    -216.469254
    -216.713699
    -216.681778
    -216.839188
    -216.955872
    -217.021591
    -217.338043
    -217.456833
    -217.469940
    -217.622528
    -217.835754
    -217.969360
    -218.073532
    -218.263672
    -218.357208
    -218.639206
    -218.787460
    -218.966995
    -219.321671
    -219.423035
    -219.637131
    -219.741577
    -219.912537
    -219.931458
    -220.123413
    -220.354263
    -220.679947
    -220.737091
    -220.768524
    -220.935852
    -221.116806
    -221.284042
    -221.413895
    -221.476059
    -221.680862
    -221.729843
    -221.679871
    -222.019409
    -222.264130
    -222.401764
    -222.489212
    -222.655533
    -222.745667
    -222.893860
    -222.992691
    -223.048569
    -223.291931
    -223.626602
    -223.805084
    -223.870209
    -224.007889
    -224.239365
    -224.397934
    -224.629349
    -224.716049
    -224.944016
    -225.119949
    -225.257584
    -225.385956
    -225.496643
    -225.753296
    -225.992950
    -226.140594
    -226.216370
    -226.287369
    -226.390213
    -226.812103
    -226.994125
    -227.156876
    -227.195251
    -227.345428
    -227.290192
    -227.500732
    -227.717041
    -227.887558
    -228.070129
    -228.022400
    -228.202820
    -228.369293
    -228.486465
    -228.668076
    -228.783630
    -228.959259
    -229.090881
    -229.173050
    -229.232788
    -229.372406
    -229.515350
    -229.673065
    -229.784332
    -229.794388
    -229.962219
    -229.957245
    -230.044739
    -230.083893
