      -0.275587
      -0.330689
      -0.371011
      -0.508661
      -0.557926
      -0.686647
      -0.782728
      -0.855870
      -0.885235
      -0.767144
      -0.805871
      -0.732659
      -0.691854
      -0.838262
      -0.754514
      -0.858447
      -0.941445
      -0.991670
      -0.943535
      -0.914167
      -1.030372
      -0.854003
      -0.947452
      -0.796681
      -0.921424
      -0.855028
      -0.763688
      -0.681793
      -0.627394
      -0.558316
      -0.693889
      -0.844371
      -0.870482
      -0.734283
      -0.855807
      -0.914559
      -0.898968
      -0.989928
      -1.035579
      -0.957202
      -0.989854
      -0.974256
      -0.851135
      -0.866890
      -0.819010
      -0.877530
      -0.832547
      -0.796510
      -0.925826
      -0.840412
      -0.894390
      -0.826221
      -0.873128
      -0.874843
      -0.775349
      -0.959266
      -0.883988
      -0.815552
      -0.828377
      -0.794733
      -0.717605
      -0.733598
      -0.779532
      -0.759581
      -0.725627
      -0.793742
      -0.655433
      -0.842128
      -0.684992
      -0.934396
      -0.902955
      -0.847753
      -0.885783
      -0.958299
      -1.069292
      -1.104852
      -1.079231
      -0.964306
      -0.997497
      -1.092526
      -1.301269
      -1.243350
      -1.175366
      -1.096046
      -1.186657
      -1.215674
      -1.141925
      -0.960769
      -0.900863
      -1.083997
      -1.146431
      -0.933561
      -1.051912
      -1.165549
      -1.287163
      -1.225523
      -1.217256
      -1.348651
      -1.258224
      -1.457181
      -1.538636
      -1.457101
      -1.350205
      -1.363547
      -1.323637
      -1.340101
      -1.143880
      -0.874675
      -0.873089
      -0.856994
      -0.886454
      -0.902488
      -0.835585
      -0.921213
      -1.006126
      -1.097124
      -0.878497
      -0.787817
      -0.733402
      -0.636642
      -0.660246
      -0.666108
      -0.547572
      -0.465272
      -0.454481
      -0.596005
      -0.595956
      -0.703578
      -0.498516
      -0.805139
      -0.830716
      -0.842423
      -0.973056
      -1.105565
      -1.211374
      -1.333406
      -1.190569
      -1.220156
      -1.248935
      -1.155534
      -1.112987
      -1.273418
      -1.165030
      -1.214395
      -1.308481
      -1.076361
      -1.121544
      -0.993311
      -0.989065
      -1.245413
      -1.049776
      -1.081829
      -1.081902
      -1.181751
      -1.224795
      -1.158429
      -1.107795
      -1.273632
      -1.256590
      -1.141063
