      -2.074890
      -2.225069
      -2.203645
      -2.175259
      -2.244914
      -2.320937
      -2.336262
      -2.445070
      -2.394102
      -2.515334
      -2.468934
      -2.484311
      -2.491962
      -2.364219
      -2.566532
      -2.510783
      -2.580009
      -2.592237
      -2.720667
      -2.756742
      -2.735448
      -2.674105
      -2.695991
      -2.549540
      -2.533407
      -2.460760
      -2.465017
      -2.594509
      -2.555578
      -2.809277
      -2.835092
      -2.810807
      -2.634569
      -2.712869
      -2.780303
      -2.720155
      -2.767901
      -2.852213
      -2.870335
      -2.851308
      -2.866561
      -2.909610
      -2.953700
      -3.113382
      -3.147798
      -3.106045
      -3.083672
      -3.252044
      -3.302373
      -3.328147
      -3.405912
      -3.524226
      -3.516849
      -3.655643
      -3.602240
      -3.556137
      -3.559704
      -3.478686
      -3.516681
      -3.548413
      -3.730218
      -3.599586
      -3.632439
      -3.669373
      -3.773460
      -3.754501
      -3.747616
      -3.624569
      -3.659413
      -3.635523
      -3.814761
      -3.774529
      -3.886184
      -3.683370
      -3.724152
      -3.834699
      -3.928794
      -3.811639
      -3.818631
      -3.791888
      -3.874739
      -3.841535
      -3.902073
      -4.036514
      -4.060688
      -4.090309
      -3.876311
      -3.993867
      -3.945083
      -3.920028
      -3.793219
      -3.734606
      -3.694327
      -3.775316
      -3.769531
      -3.856341
      -3.883185
      -3.967165
      -3.970233
      -4.074745
      -4.122547
      -3.931333
      -4.102686
      -4.105737
      -4.045743
      -3.901108
      -4.008913
      -4.037662
      -4.078606
      -4.175314
      -3.944538
      -3.893377
      -4.010322
      -4.022250
      -4.055686
      -4.130473
      -3.975694
      -4.157032
      -4.062184
      -4.078326
      -4.152069
      -4.132309
      -3.964744
      -3.933498
      -4.114006
      -4.025152
      -3.996339
      -4.114277
      -4.164349
      -4.122798
      -4.165937
      -4.100945
      -4.037108
      -3.986623
      -3.950739
      -3.896219
      -4.011299
      -3.993250
      -4.176979
      -4.233014
      -4.119612
      -4.191412
      -4.230649
      -4.269910
      -4.402087
      -4.442508
      -4.371663
      -4.356502
      -4.355353
      -4.180684
      -4.308549
      -4.173888
      -4.210184
      -4.446429
      -4.371637
      -4.328429
      -4.321843
      -4.268360
      -4.240666
      -4.189134
      -4.245060
      -4.269472
      -4.219460
      -4.166365
      -4.203095
      -4.323840
      -4.285465
      -4.197787
      -4.279263
      -4.263184
      -4.338906
      -4.136348
      -4.257420
      -4.175511
      -4.092190
      -4.069603
      -4.032694
      -4.084702
      -4.056669
      -4.007058
      -4.166770
      -3.924817
      -3.827826
      -3.909923
      -4.192078
      -4.192346
      -4.115911
      -4.213565
      -4.181905
      -4.118381
      -4.161565
      -4.171206
      -4.377024
      -4.267589
      -4.234535
      -4.123517
      -4.188274
      -4.109837
      -4.213790
      -4.147619
      -4.194918
      -4.296053
      -4.481782
      -4.359543
      -4.282182
      -4.087655
      -4.109991
      -3.977458
      -3.967641
      -4.003874
      -3.885510
      -3.968685
      -3.950005
      -4.218644
      -4.092697
      -4.043979
      -3.856571
      -3.924175
      -3.845496
      -4.003423
      -3.984213
      -4.202747
      -4.056096
      -4.151985
      -4.076857
      -4.210485
      -4.024506
      -3.971420
      -4.117773
      -4.020245
      -4.121712
      -4.026559
      -4.082816
      -3.991232
      -4.179056
      -4.185279
      -4.237095
      -4.163671
      -4.114622
      -4.069531
      -3.958519
      -3.937190
      -3.837744
      -3.877974
      -3.858356
      -3.919421
      -4.004957
      -3.981122
      -3.988616
      -4.140880
