       0.476597
       0.277278
       0.374626
       0.384760
       0.510324
       0.475589
       0.352874
       0.486543
       0.473351
       0.622424
       0.784271
       0.625849
       0.576587
       0.789507
       0.570148
       0.625990
       0.663475
       0.692898
       0.700366
       0.851515
       0.949863
       0.912692
       0.927036
       0.967679
       1.062592
       0.834688
       0.814689
       1.007562
       0.957217
       0.892010
       1.008524
       1.025035
       1.154872
       1.121837
       1.043064
       1.101647
       1.079731
       1.217767
       1.439611
       1.446792
       1.461476
       1.328209
       1.325450
       1.448344
       1.479413
       1.527217
       1.619346
       1.570606
       1.725786
       1.678020
       1.606627
       1.608010
       1.486109
       1.561605
       1.600729
       1.441144
       1.681095
       1.672284
       1.677070
       1.519386
       1.512266
       1.670547
       1.567505
       1.315116
       1.217118
       1.327962
       1.373758
       1.346071
       1.300713
       1.262588
       1.135303
       1.056979
       1.219843
       1.360302
       1.517689
       1.567559
       1.505598
       1.640447
       1.669510
       1.607300
       1.595323
       1.678308
       1.572254
       1.506611
       1.521743
       1.329775
       1.353412
       1.271923
       1.398021
       1.415004
       1.334532
       1.307536
       1.327835
       1.305327
       1.299370
       1.328773
       1.196431
       1.228399
       1.088339
       1.132627
       1.176901
       1.192370
       1.359471
       1.412239
       1.404459
       1.338742
       1.375370
       1.369581
       1.379125
       1.490564
       1.477282
       1.395162
       1.285021
       1.342482
       1.254388
       1.237239
       1.125939
       1.385524
       1.233296
       1.346855
       1.338237
       1.247778
       1.243119
       1.258161
       1.551339
       1.315147
       1.231522
       1.145474
       1.108210
       1.104227
       1.072046
       0.982562
       0.860404
       0.869903
       0.892080
       1.052098
       1.009489
       0.884225
       0.983307
       1.068284
       0.998087
       1.030910
       1.005521
       0.968895
       1.090690
       1.169200
       1.113744
       1.131773
       1.032572
       1.155297
       1.307867
       1.358866
       1.347924
       1.298792
       1.231354
       1.184948
       1.111805
       1.185153
       0.978362
       1.022377
       1.094352
       1.073751
       0.981739
       1.044477
       1.073787
       1.072598
       0.982853
       0.979030
       1.045674
       0.927997
       0.899180
       1.093119
       0.914850
       0.862904
       0.899082
       0.912759
       0.774803
       0.623704
       0.731444
       0.734535
       0.683642
       0.719820
       0.883494
       0.868257
       0.786515
       0.820744
       1.070096
       1.042083
       1.175551
       1.000691
       0.906125
       0.923147
       0.901913
       0.828811
       0.793081
       0.836024
       0.803980
       0.773691
       0.825639
       0.897019
       0.828130
       0.605746
       0.726686
       0.849342
       0.675216
       0.679169
       0.768288
       0.703726
       0.801649
       0.777777
       0.729997
       0.467513
       0.565147
       0.581019
       0.581250
       0.507075
       0.486449
       0.528361
       0.618897
       0.641570
       0.678960
       0.829744
       0.796703
       0.894357
       0.865438
       0.840809
       0.774146
       0.816084
       0.815985
       0.810300
       0.909554
       1.005181
       1.114564
       1.040559
       1.073054
       1.118677
       0.911655
       0.991639
       0.874682
       0.756357
       0.835501
       0.699983
       0.644599
       0.748375
       0.719120
       0.585371
       0.590160
       0.819962
       0.745937
       0.730061
