     -33.005112
     -33.367310
     -33.529354
     -33.683697
     -34.054916
     -34.153767
     -34.277382
     -34.587307
     -34.963577
     -35.303097
     -35.596832
     -35.664837
     -35.942715
     -36.389214
     -36.474186
     -36.673679
     -36.772751
     -37.072544
     -37.347481
     -37.670956
     -37.802883
     -37.949734
     -38.159645
     -38.319424
     -38.586777
     -38.994312
     -39.375439
     -39.635799
     -40.029861
     -40.145531
     -40.367393
     -40.515205
     -40.886097
     -41.225216
     -41.474632
     -41.781345
     -42.121822
     -42.197411
     -42.496208
     -42.737972
     -42.841038
     -42.980782
     -43.282848
     -43.586208
     -43.776974
     -43.985817
     -44.114414
     -44.199883
     -44.540302
     -44.723270
     -44.792408
     -44.839649
     -45.173702
     -45.370338
     -45.347443
     -45.518238
     -45.731430
     -45.939846
     -46.106796
     -46.613201
     -46.796574
     -47.167797
     -47.141365
     -47.304665
     -47.422325
     -47.696594
     -47.980457
     -48.140579
     -48.202492
     -48.418739
     -48.473896
     -48.623184
     -48.684250
     -48.989754
     -49.202351
     -49.577877
     -49.823456
     -49.989262
     -50.143074
     -50.466183
     -50.661285
     -50.922081
     -51.063248
     -51.204956
     -51.276619
     -51.376884
     -51.626064
     -51.839409
     -52.121368
     -52.290421
     -52.419292
     -52.634289
     -52.795326
     -53.045296
     -53.442581
     -53.612404
     -53.598103
     -53.968952
     -54.040905
     -54.202885
     -54.242123
     -54.272945
     -54.321587
     -54.551048
     -54.518879
     -54.907131
     -54.928547
     -55.123302
     -55.224449
     -55.427765
     -55.530945
     -55.727917
     -55.979725
     -56.035862
     -56.170712
     -56.174282
     -56.396503
     -56.560650
     -56.636772
     -56.826870
     -56.813667
     -56.937035
     -57.149452
     -57.378666
     -57.546543
     -57.578224
     -57.922432
     -57.994202
     -58.041538
     -58.021469
     -58.441921
     -58.516457
     -58.631493
     -58.649342
     -58.909206
     -58.894188
     -59.025814
     -59.290604
     -59.411484
     -59.577644
     -59.806240
     -60.130482
     -60.143318
     -60.474663
     -60.593246
     -60.811245
     -60.872959
     -60.886749
     -61.217514
     -61.348709
     -61.361969
     -61.673126
     -61.749554
     -62.001675
     -62.151470
     -62.332691
     -62.393902
     -62.509216
     -62.510914
     -62.652409
     -62.759056
     -62.851505
     -62.873596
     -62.951561
     -63.123840
     -63.146568
     -63.429085
     -63.690083
     -63.830635
     -64.080833
     -64.246414
     -64.327690
     -64.601440
     -64.654396
     -64.716454
     -64.942604
     -65.072563
     -65.369911
     -65.543694
     -65.830658
     -65.996323
     -66.099655
     -66.100296
     -66.061188
     -66.204742
     -66.236938
     -66.520416
     -66.532234
     -66.505081
     -66.815063
     -66.951340
     -66.961510
     -67.308975
     -67.245728
     -67.394966
     -67.439705
     -67.621010
     -67.718086
     -67.836113
     -67.919479
     -68.090202
     -68.139610
     -68.144623
     -68.298958
     -68.396545
     -68.403595
     -68.661118
     -68.588638
     -68.827324
     -68.783310
     -69.050018
     -69.064041
     -69.320793
     -69.257812
     -69.610039
     -69.804100
     -69.955696
     -70.051308
     -70.184669
     -70.079155
     -70.200920
     -70.353073
     -70.439308
     -70.476906
     -70.700119
     -70.758545
     -70.889511
     -71.158531
     -71.313354
     -71.197601
     -71.279686
     -71.379082
     -71.586082
     -71.684143
     -71.653244
     -71.784012
     -71.938309
     -72.021065
     -72.109131
     -72.238174
     -72.339790
     -72.379402
     -72.468140
     -72.510765
     -72.655014
     -72.792519
     -72.978928
     -73.075584
     -73.257286
     -73.237671
     -73.202072
     -73.281944
     -73.270439
     -73.353729
     -73.555046
     -73.624306
     -73.905327
     -73.899521
     -73.935799
     -73.994308
     -74.021477
     -74.114426
     -74.206184
     -74.365692
     -74.318779
     -74.529884
     -74.685738
     -74.638618
     -74.661591
     -74.810318
     -74.774300
     -75.007889
     -75.054703
     -75.195801
     -75.341415
     -75.517586
     -75.380836
     -75.520195
     -75.489876
     -75.509567
     -75.735077
     -75.858070
     -76.029198
     -76.103653
     -76.223312
     -76.213570
     -76.334526
     -76.654243
     -76.534370
     -76.750656
     -76.634178
     -76.746368
     -76.787888
     -76.910446
     -76.908951
     -77.130646
     -77.217049
     -77.150253
     -77.091743
     -77.238945
     -77.239830
     -77.471947
     -77.614204
     -77.841133
     -77.756126
     -77.862427
     -77.936401
     -78.190231
     -78.261238
     -78.329651
     -78.509247
     -78.690392
     -78.818016
     -78.917580
     -78.967476
     -79.087379
     -79.117180
     -79.397163
     -79.626747
     -79.365822
     -79.412796
     -79.631165
     -79.603806
     -79.667892
     -79.899796
     -79.730255
     -79.851593
     -79.999634
     -80.095779
     -80.107559
     -80.244446
     -80.155052
     -80.265678
     -80.169296
     -80.378792
     -80.624504
     -80.666801
     -80.941200
     -81.015816
     -81.161697
     -81.182068
     -81.479805
     -81.650276
     -81.912659
     -81.889412
     -81.981956
     -82.088531
     -82.233818
     -82.228546
     -82.340210
     -82.561295
     -82.621109
     -82.700150
     -82.743042
     -82.660896
     -82.882019
     -83.065895
     -82.980705
     -83.093102
     -83.084091
     -83.226906
     -83.258736
     -83.262596
     -83.336243
     -83.509834
     -83.517395
     -83.501282
     -83.705139
     -83.720879
     -83.666580
     -83.755219
     -83.811249
     -83.858894
     -83.742805
     -83.784348
     -83.869400
     -83.783676
     -83.780006
     -83.828163
     -83.823074
     -83.703323
     -83.847008
     -83.925919
     -83.952461
     -84.054008
     -84.200989
     -84.258629
     -84.344139
     -84.349442
     -84.464844
     -84.395691
     -84.660286
     -84.524879
     -84.600533
     -84.476357
     -84.533852
     -84.496353
     -84.552818
     -84.644173
     -84.715919
     -84.816093
     -84.760239
     -84.957832
     -85.047401
     -85.178726
     -85.118217
     -85.164139
     -85.277557
     -85.213181
     -85.327950
     -85.249596
     -85.244324
     -85.226288
     -85.372643
     -85.487648
     -85.537766
     -85.768829
     -85.928566
     -85.859192
     -85.964638
     -85.790794
     -85.942940
     -86.041550
     -85.949982
     -85.915115
     -86.207451
     -86.021057
     -86.094902
     -86.193848
     -86.113403
     -86.126831
     -86.303749
     -86.563469
     -86.547569
     -86.569649
     -86.690430
     -86.520592
     -86.666939
     -86.710098
     -86.650177
     -86.741722
     -86.739807
     -86.979088
     -86.931770
     -87.125290
     -87.089470
     -87.153008
     -87.036293
     -87.258873
     -87.263817
     -87.251038
     -87.262619
     -87.163483
     -87.359337
     -87.258453
     -87.350754
     -87.255905
     -87.251595
     -87.224304
     -87.090538
     -87.154716
     -87.409042
     -87.231827
     -87.330078
     -87.473427
     -87.593010
     -87.603874
     -87.794250
     -87.815277
     -87.729820
     -87.812737
     -87.997993
     -87.974419
     -88.113670
     -88.251297
     -88.429092
     -88.396805
     -88.511627
     -88.399506
     -88.491280
     -88.313416
     -88.474289
     -88.489487
     -88.713196
     -88.788506
     -88.655891
     -88.630753
     -89.059235
     -88.968559
     -88.961761
     -88.903954
     -88.821976
     -88.753967
     -88.771797
     -88.775169
     -88.734856
     -88.752724
     -88.798645
     -88.961380
     -88.984161
     -89.176987
     -89.134682
     -89.114700
     -89.210922
     -89.522217
     -89.472412
     -89.477280
     -89.678391
     -89.840744
     -89.874245
     -89.953621
     -89.888382
     -90.085579
     -90.039169
     -90.009323
     -90.119621
     -90.274986
     -90.422150
     -90.385513
     -90.481247
