      -0.027913
       0.053873
       0.081104
       0.247208
       0.274293
       0.374031
       0.416086
       0.390653
       0.385661
       0.370598
       0.426175
       0.402048
       0.477745
       0.486763
       0.449837
       0.353447
       0.415813
       0.327499
       0.391520
       0.215384
       0.449097
       0.533143
       0.551432
       0.586421
       0.441572
       0.457754
       0.569808
       0.523422
       0.535504
       0.638530
       0.682432
       0.797888
       0.618227
       0.666349
       0.682336
       0.632191
       0.732199
       0.679739
       0.710545
       0.751407
       0.625035
       0.566964
       0.681382
       0.792571
       0.816809
       0.870353
       0.906500
       0.861304
       0.963334
       0.996270
       1.025373
       1.076524
       0.921689
       0.815352
       0.795843
       0.849209
       0.854674
       0.933601
       0.890246
       0.698077
       0.817010
       0.743550
       0.798656
       0.830192
       0.728269
       0.786733
       0.876444
       0.837971
       0.789153
       0.781542
       0.738815
       0.511657
       0.609599
       0.707678
       0.631143
       0.616518
       0.590116
       0.480065
       0.358622
       0.434759
       0.404882
       0.410715
       0.361345
       0.267538
       0.211092
       0.236959
       0.246159
       0.134625
      -0.006987
      -0.124867
      -0.129367
      -0.114506
       0.106401
       0.162174
       0.122452
       0.034089
      -0.152322
      -0.184434
      -0.122271
       0.045093
