      -0.957501
      -1.291162
      -0.991486
      -0.978390
      -1.002574
      -0.945396
      -0.741322
      -0.782118
      -0.866413
      -0.867034
      -0.905224
      -1.102844
      -1.047638
      -1.026460
      -1.166712
      -1.291574
      -1.206043
      -1.186020
      -1.347683
      -1.200233
      -1.315338
      -1.332811
      -1.316336
      -1.441631
      -1.447779
      -1.390375
      -1.295265
      -1.575572
      -1.745842
      -1.617022
      -1.835781
      -1.874683
      -1.838728
      -1.789402
      -1.853309
      -1.902816
      -1.888713
      -1.944613
      -1.771268
      -1.795941
      -1.607247
      -1.564928
      -1.520633
      -1.609511
      -1.567964
      -1.520340
      -1.604597
      -1.841716
      -1.827554
      -1.960179
      -2.053311
      -2.072119
      -1.971394
      -2.019294
      -2.249308
      -2.170146
      -2.260025
      -2.257255
      -2.268116
      -2.258364
      -2.151009
      -2.232731
      -2.273465
      -2.343491
      -2.241231
      -2.417072
      -2.249809
      -2.368483
      -2.100713
      -2.079525
      -2.070098
      -1.928779
      -2.013700
      -2.033267
      -2.039376
      -2.050071
      -1.841560
      -2.116179
      -2.120355
      -1.957080
      -2.091604
      -2.094754
      -2.178541
      -2.132437
      -2.222818
      -2.266739
      -2.239750
      -2.191799
      -2.162620
      -2.183825
      -2.021235
      -2.117999
      -2.279409
      -2.310300
      -2.190618
      -2.129340
      -2.250621
      -2.144694
      -2.092588
      -1.919769
      -2.104453
      -2.132190
      -2.235043
      -2.175487
      -2.337350
      -2.116367
      -2.191123
      -2.407522
      -2.325334
      -2.433765
      -2.452569
      -2.456986
      -2.530290
      -2.437189
      -2.491775
      -2.441658
      -2.407015
      -2.351872
      -2.363339
      -2.262952
      -2.326880
      -2.337340
      -2.403806
      -2.404065
      -2.327343
      -2.387137
      -2.379055
      -2.288941
      -2.563480
      -2.320259
      -2.417411
      -2.311190
      -2.205870
      -2.256216
      -2.190973
      -2.266793
      -2.417428
      -2.316282
      -2.424125
      -2.378199
      -2.363695
      -2.556351
      -2.661614
      -2.621958
      -2.588614
      -2.443727
      -2.415891
      -2.313845
      -2.173927
      -2.335942
      -2.186339
      -2.146550
      -2.106355
      -2.125926
      -2.181553
      -2.079183
      -2.138253
      -2.239481
      -2.420302
      -2.398438
      -2.416909
      -2.381623
      -2.445555
      -2.494925
      -2.718749
      -2.768717
      -2.796979
      -2.968975
      -2.868703
      -2.891421
      -2.746393
      -2.816774
      -2.826213
      -2.805208
      -2.648728
      -2.652385
      -2.888071
      -2.768053
      -3.030510
      -3.047421
      -2.888064
      -2.967596
      -3.016255
      -2.968533
      -3.012958
      -3.012096
      -3.036944
      -3.088068
      -3.354556
      -3.231126
      -3.288191
      -3.361918
      -3.211564
      -3.461445
      -3.356749
      -3.244679
      -3.401192
      -3.319545
      -3.132031
      -3.278335
      -3.310104
      -3.179178
      -3.235190
      -3.323877
      -3.513931
      -3.535277
      -3.564228
      -3.724699
      -3.579405
      -3.446234
      -3.517783
      -3.529660
      -3.430272
      -3.481525
      -3.475066
      -3.487884
      -3.461893
      -3.430259
      -3.646588
      -3.533058
      -3.562948
      -3.448582
      -3.542532
      -3.565966
      -3.478503
      -3.495732
      -3.586915
      -3.599326
      -3.751152
      -3.900771
      -3.935164
      -3.986946
      -4.147076
      -4.160339
      -4.212522
      -4.176843
      -4.119805
      -4.077949
      -3.906450
      -3.998910
      -4.023120
      -4.131154
      -4.193023
      -4.004527
      -3.923338
      -4.008011
      -4.177656
      -4.140090
      -4.067316
      -3.978813
