      -1.948166
      -2.126472
      -2.127003
      -1.991593
      -2.049274
      -1.968745
      -1.849685
      -1.989240
      -1.964384
      -1.966694
      -1.905637
      -2.103504
      -2.089704
      -2.071867
      -2.188882
      -2.371266
      -2.314466
      -2.418315
      -2.304354
      -2.417142
      -2.164755
      -2.111077
      -2.207301
      -2.227675
      -2.155452
      -2.218237
      -2.272471
      -2.402153
      -2.485201
      -2.365342
      -2.348032
      -2.215632
      -2.202018
      -2.205577
      -2.124659
      -2.065715
      -2.088070
      -2.131685
      -2.179264
      -2.164708
      -2.068731
      -2.205774
      -2.301940
      -2.399167
      -2.366642
      -2.594194
      -2.485072
      -2.560779
      -2.655160
      -2.530901
      -2.577563
      -2.560757
      -2.543809
      -2.507868
      -2.412520
      -2.191201
      -2.293715
      -2.311869
      -2.359914
      -2.445542
      -2.517970
      -2.494139
      -2.598926
      -2.651914
      -2.783614
      -2.656492
      -2.715240
      -2.645492
      -2.763289
      -2.871165
      -2.962879
      -2.827637
      -2.795600
      -2.816813
      -2.749351
      -2.890019
      -3.017189
      -3.048843
      -3.073599
      -2.900496
      -2.712170
      -2.755443
      -2.799671
      -2.964169
      -2.846205
      -2.839918
      -2.732219
      -2.806648
      -2.778677
      -2.809800
      -2.981969
      -2.943351
      -3.063119
      -3.078039
      -3.238930
      -3.224298
      -3.342420
      -3.173332
      -3.131451
      -3.217766
