       0.081301
      -0.004870
       0.239654
       0.209787
       0.380767
       0.402734
       0.284741
       0.335546
       0.337933
       0.339992
       0.255372
       0.454372
       0.441723
       0.543955
       0.409795
       0.509966
       0.760333
       0.672850
       0.848139
       0.816564
       0.794003
       0.716347
       0.757897
       0.565765
       0.704952
       0.818424
       0.992303
       0.820930
       0.996403
       0.981440
       0.997305
       0.975843
       1.096461
       1.041216
       1.370185
       1.248427
       1.318109
       1.152198
       1.063753
       1.146044
       1.155859
       1.291214
       1.254062
       1.107824
       0.959328
       0.990093
       0.863856
       0.962176
       1.000280
       1.088464
       1.107426
       1.163077
       1.004819
       1.058717
       0.957036
       1.037849
       1.080076
       1.089551
       1.179949
       0.962234
       0.962343
       1.112718
       1.118435
       0.997738
       0.979419
       0.982018
       0.973816
       0.942095
       0.939353
       0.798047
       0.914515
       0.840273
       0.832510
       0.951397
       0.858122
       0.927440
       0.950868
       0.842025
       0.799139
       0.623604
       0.456938
       0.549953
       0.598525
       0.495338
       0.484973
       0.331088
       0.200255
       0.287007
       0.334801
       0.129762
      -0.108720
      -0.190311
      -0.462594
      -0.516484
      -0.569401
      -0.511639
      -0.409969
      -0.408486
      -0.455524
      -0.508681
