      -2.743266
      -2.664275
      -2.782309
      -2.873202
      -2.703518
      -2.669631
      -2.753640
      -2.672268
      -2.716520
      -2.790279
      -2.769420
      -2.820788
      -2.867266
      -2.890553
      -2.869586
      -2.791247
      -2.858078
      -2.949976
      -2.797225
      -2.936823
      -3.060440
      -3.045742
      -3.345942
      -3.250975
      -3.237433
      -3.107321
      -3.095631
      -3.015413
      -3.041052
      -3.084316
      -3.219713
      -3.210889
      -3.135560
      -3.167377
      -3.157590
      -3.161936
      -3.144820
      -3.201196
      -3.126418
      -3.137039
      -3.395982
      -3.249055
      -3.318140
      -3.489983
      -3.304829
      -3.382478
      -3.452750
      -3.425001
      -3.397375
      -3.669727
      -3.614347
      -3.502360
      -3.687732
      -3.628319
      -3.515204
      -3.542326
      -3.435208
      -3.514515
      -3.589456
      -3.572787
      -3.556620
      -3.674628
      -3.634156
      -3.623718
      -3.740027
      -3.821063
      -3.906965
      -3.919332
      -3.897316
      -3.716388
      -3.580859
      -3.556714
      -3.530629
      -3.739186
      -3.698648
      -3.637928
      -3.623756
      -3.715776
      -3.765716
      -3.799299
      -3.900034
      -3.949127
      -3.811353
      -3.821576
      -3.813364
      -3.802238
      -3.947266
      -4.014566
      -4.100831
      -4.115065
      -4.185264
      -4.040459
      -3.922001
      -3.627568
      -3.737743
      -3.723145
      -3.710964
      -3.722145
      -3.744508
      -3.886436
