       0.279987
       0.315620
       0.209642
       0.094994
       0.020709
       0.106612
       0.183868
       0.091110
       0.193571
       0.053224
       0.188248
       0.127830
       0.230071
       0.299918
       0.280227
       0.201717
       0.357667
       0.364963
       0.526542
       0.555913
       0.412154
       0.422099
       0.430994
       0.640017
       0.662638
       0.664474
       0.650965
       0.565187
       0.567128
       0.592872
       0.733427
       0.795040
       0.717467
       0.744818
       0.772836
       0.809010
       0.875728
       0.865765
       0.657378
       0.771741
       0.817555
       0.589004
       0.718827
       0.692010
       0.726452
       0.620943
       0.411293
       0.542982
       0.402692
       0.266058
       0.373988
       0.360229
       0.514155
       0.374861
       0.216120
       0.105706
      -0.018930
      -0.058291
       0.091172
       0.060615
       0.155998
       0.115980
       0.214920
       0.346199
       0.251704
       0.183656
       0.143210
       0.274573
       0.316714
       0.492286
       0.434399
       0.345484
       0.260984
       0.291259
       0.208753
       0.203724
       0.259304
       0.371898
       0.320095
       0.270131
       0.227205
       0.242321
       0.304798
       0.179338
       0.191302
       0.189381
       0.085043
       0.089760
       0.111533
       0.131020
       0.260981
       0.290215
       0.351426
       0.433861
       0.356706
       0.418265
       0.334342
       0.247221
       0.199445
       0.232095
