      -0.582417
      -0.411114
      -0.566333
      -0.451704
      -0.514272
      -0.665346
      -0.598354
      -0.491703
      -0.432881
      -0.442365
      -0.522201
      -0.600715
      -0.537130
      -0.594344
      -0.665653
      -0.477763
      -0.417629
      -0.457122
      -0.479974
      -0.587021
      -0.553536
      -0.553553
      -0.435062
      -0.348818
      -0.386405
      -0.267180
      -0.329826
      -0.380666
      -0.379048
      -0.481229
      -0.232742
      -0.374173
      -0.311116
      -0.302424
      -0.274372
      -0.312091
      -0.227784
      -0.176401
      -0.253671
      -0.096057
      -0.330880
      -0.581062
      -0.680225
      -0.663566
      -0.773657
      -0.925353
      -1.010591
      -0.993391
      -1.090589
      -1.085367
      -1.217274
      -1.180658
      -1.173023
      -1.247715
      -1.251467
      -1.282396
      -1.146551
      -1.330510
      -1.249510
      -1.301128
      -1.404768
      -1.302219
      -1.109279
      -1.087701
      -0.890587
      -0.852458
      -0.847940
      -0.873524
      -1.044464
      -1.124776
      -0.941677
      -1.046194
      -0.926265
      -1.052763
      -1.124046
      -1.140319
      -0.926371
      -1.140620
      -1.039645
      -1.015384
      -1.157071
      -1.229223
      -1.129183
      -1.232537
      -1.210999
      -1.286768
      -1.302526
      -1.183378
      -1.297853
      -1.232745
      -1.266530
      -1.300481
      -1.225307
      -1.181952
      -1.037898
      -0.986899
      -1.017803
      -0.956629
      -0.978666
      -0.959685
