     -27.608330
     -27.972998
     -28.114885
     -28.357731
     -28.546539
     -28.853327
     -28.951408
     -29.367624
     -29.566717
     -29.949591
     -30.342010
     -30.716602
     -30.785912
     -30.857922
     -30.986116
     -31.257769
     -31.323376
     -31.530073
     -31.628538
     -31.882015
     -32.164368
     -32.449852
     -32.509693
     -32.661926
     -32.877449
     -32.921658
     -33.105896
     -33.311939
     -33.353931
     -33.507347
     -33.781467
     -33.983765
     -34.284966
     -34.309502
     -34.343124
     -34.612099
     -34.533718
     -34.720425
     -34.892879
     -35.040325
     -35.115837
     -35.356327
     -35.556023
     -35.777393
     -35.884544
     -36.147663
     -36.393745
     -36.485390
     -36.475002
     -36.740452
     -36.832184
     -36.928413
     -37.166294
     -37.313671
     -37.296471
     -37.515064
     -37.702549
     -37.738075
     -37.815056
     -38.049519
     -38.424519
     -38.342896
     -38.495533
     -38.748379
     -39.041782
     -39.105183
     -39.205685
     -39.343349
     -39.556202
     -39.836632
     -40.119392
     -40.287579
     -40.359722
     -40.448269
     -40.715385
     -40.768551
     -40.851105
     -41.021103
     -41.088257
     -41.272102
     -41.329433
     -41.471081
     -41.677616
     -41.758755
     -41.898918
     -42.170444
     -42.192722
     -42.517208
     -42.650478
     -42.820946
     -42.923248
     -43.027962
     -43.190708
     -43.167011
     -43.385765
     -43.401218
     -43.475677
     -43.688034
     -43.768364
     -43.884338
     -43.897118
     -44.200737
     -44.214027
     -44.288517
     -44.464951
     -44.556065
     -44.715153
     -44.787594
     -45.073757
     -45.156563
     -45.283253
     -45.325199
     -45.317890
     -45.512627
     -45.565979
     -45.752949
     -45.760590
     -45.929642
     -46.066101
     -46.030136
     -46.185169
     -46.319771
     -46.432938
     -46.476414
     -46.703461
     -46.971703
     -47.149467
     -47.255936
     -47.267414
     -47.434830
     -47.544754
     -47.653515
     -47.966854
     -48.127335
     -47.927452
     -48.151146
     -48.330700
     -48.447655
     -48.537663
     -48.564980
     -48.799244
     -48.885803
     -48.864265
     -48.915188
     -48.904709
     -49.118332
     -49.197201
     -49.303158
     -49.415890
     -49.338932
     -49.501297
     -49.601852
     -49.628189
     -49.813961
     -49.869602
     -50.180199
     -50.205708
     -50.272530
     -50.425816
     -50.512783
     -50.647549
     -50.553547
     -50.668274
     -50.592499
     -50.781979
     -51.006855
     -50.997910
     -51.113209
     -51.249233
     -51.365856
     -51.461933
     -51.918415
     -51.933647
     -52.153088
     -52.207150
     -52.497417
     -52.416126
     -52.552776
     -52.747219
     -52.855671
     -52.956371
     -52.965401
     -52.918922
     -53.160130
     -53.276836
     -53.226612
     -53.321648
     -53.546318
     -53.631184
     -53.835529
     -53.837414
     -54.075710
     -54.178455
     -54.214359
     -54.359406
     -54.471001
     -54.388760
     -54.414597
     -54.453938
     -54.483730
     -54.459332
     -54.552052
     -54.653458
     -54.634315
     -54.890198
     -55.048985
     -54.899113
     -55.051163
     -54.985394
     -55.198166
     -55.328941
     -55.433422
     -55.363220
     -55.397133
     -55.408436
     -55.515675
     -55.658775
     -55.513680
     -55.741905
     -55.815956
     -55.914585
     -55.947544
     -56.030006
     -56.282536
     -56.328514
     -56.414501
     -56.507591
     -56.529671
     -56.595680
     -56.777546
     -56.716999
     -56.773869
     -57.152237
     -57.262051
     -57.237957
     -57.359325
     -57.501125
     -57.837788
     -57.889755
     -57.906555
     -57.910839
     -57.968651
     -58.003151
     -58.186909
     -58.090511
     -58.338760
     -58.368015
     -58.357128
     -58.566521
     -58.683800
     -58.711971
     -58.914330
     -58.981030
     -58.895977
     -59.019520
     -58.974262
     -59.140247
     -59.060364
     -59.199619
     -59.351219
     -59.469738
     -59.623653
     -59.708797
     -59.964428
     -59.981777
     -60.121414
     -60.185131
     -60.567402
     -60.490761
     -60.490154
     -60.563110
     -60.751690
     -60.722218
     -60.709702
     -60.710781
     -60.862274
     -60.796181
     -60.867043
     -60.965576
     -60.881752
     -61.154636
     -61.226143
     -61.323357
     -61.377716
     -61.385799
     -61.499416
     -61.609741
     -61.754734
     -61.639767
     -61.761013
     -61.847885
     -61.977802
     -61.984474
     -62.051918
     -62.190945
     -62.359955
     -62.482243
     -62.707638
     -62.733746
     -62.754185
     -62.859051
     -62.941284
     -63.234383
     -63.386448
     -63.467339
     -63.383900
     -63.432480
     -63.356564
     -63.393269
     -63.409409
     -63.586617
     -63.685017
     -63.610073
     -63.750645
     -63.912521
     -63.961227
     -64.102516
     -64.245316
     -64.266403
     -64.480583
     -64.277191
     -64.574593
     -64.745842
     -64.740265
     -64.823608
     -64.729568
     -64.809135
     -64.784332
     -64.834824
     -64.783699
     -64.727142
     -64.833359
     -64.766327
     -64.857910
     -64.892044
     -64.949364
     -65.265236
     -65.369164
     -65.294662
     -65.372612
     -65.442200
     -65.770866
     -65.772659
     -65.830154
     -65.748528
     -65.691879
     -65.659271
     -65.712669
     -65.898277
     -65.909836
     -66.101730
     -66.163422
     -66.372154
     -66.544212
     -66.573730
     -66.702873
     -66.701965
     -66.815346
     -66.786453
     -66.644463
     -66.643890
     -66.664810
     -66.831535
     -66.868355
     -66.783707
     -66.791580
     -66.850060
     -66.865631
     -67.005272
     -67.033905
     -66.933395
     -67.051186
     -67.270477
     -67.190453
     -67.283188
     -67.372009
     -67.544113
     -67.554703
     -67.496033
     -67.503159
     -67.633667
     -67.523735
     -67.573555
     -67.675438
     -67.658348
     -67.886528
     -67.956161
     -67.911598
     -68.188057
     -68.138474
     -68.339462
     -68.331833
     -68.347282
     -68.555824
     -68.534073
     -68.743950
     -68.678856
     -69.026756
     -68.976509
     -69.164619
     -69.242760
     -69.228539
     -69.267212
     -69.248810
     -69.243431
     -69.197403
     -69.419708
     -69.428246
     -69.434250
     -69.366653
     -69.483269
     -69.611816
     -69.840790
     -69.808807
     -69.908920
     -69.774796
     -69.947083
     -70.079475
     -70.126274
     -70.095276
     -70.045349
     -70.171989
     -70.242035
     -70.220016
     -70.286995
     -70.591736
     -70.689636
     -70.736168
     -70.776711
     -70.842033
