     -18.929426
     -18.999134
     -19.018980
     -19.120872
     -19.142260
     -19.171661
     -19.324430
     -19.445587
     -19.638603
     -19.849222
     -20.163483
     -20.212864
     -20.186075
     -20.429581
     -20.614780
     -20.651396
     -20.735214
     -21.046236
     -21.230133
     -21.298277
     -21.464827
     -21.661228
     -21.625380
     -21.848621
     -21.979694
     -22.117699
     -22.134911
     -22.116730
     -22.239517
     -22.375839
     -22.617155
     -22.763521
     -23.008196
     -23.186081
     -23.232010
     -23.352074
     -23.497055
     -23.732622
     -23.690510
     -23.827921
     -23.916746
     -24.077255
     -24.248676
     -24.347942
     -24.215046
     -24.433218
     -24.489489
     -24.566629
     -24.689320
     -24.894613
     -24.989271
     -25.284668
     -25.429714
     -25.843054
     -26.047647
     -26.196831
     -26.251667
     -26.227129
     -26.480452
     -26.579506
     -26.617136
     -26.764505
     -26.805557
     -26.708237
     -26.843088
     -26.964329
     -27.144217
     -27.204693
     -27.340584
     -27.489252
     -27.363079
     -27.464134
     -27.493139
     -27.549341
     -27.685802
     -27.770819
     -27.779127
     -27.783321
     -27.848610
     -28.055653
     -28.232779
     -28.313168
     -28.516781
     -28.623974
     -28.647692
     -28.782808
     -28.780830
     -28.767893
     -28.793028
     -28.914898
     -28.931742
     -29.033939
     -28.949141
     -29.113512
     -29.139507
     -29.190680
     -29.100742
     -29.225920
     -29.231197
     -29.380402
     -29.295670
     -29.516239
     -29.627966
     -29.677040
     -29.689077
     -29.923643
     -30.101074
     -30.222450
     -30.362881
     -30.353014
     -30.579905
     -30.586288
     -30.689117
     -30.725433
     -30.762774
     -30.843569
     -30.867483
     -31.090805
     -31.122747
     -31.170959
     -31.202454
     -31.240913
     -31.156702
     -31.336723
     -31.396358
     -31.445396
     -31.486650
     -31.741726
     -31.862982
     -31.900091
     -31.837553
     -31.873978
     -31.863619
     -31.811890
     -31.854780
     -31.917160
     -32.020401
     -32.065365
     -32.111153
     -32.078430
     -32.140526
     -32.183849
     -32.125076
     -32.202080
     -32.273483
     -32.453503
     -32.485485
     -32.650471
     -32.508587
     -32.554890
     -32.649616
     -32.893616
     -32.886959
     -33.007805
     -33.154472
     -33.182793
     -33.211040
     -33.065617
     -33.170624
     -33.170673
     -33.157169
     -33.077267
     -33.130672
     -33.220238
     -33.185284
     -33.384666
     -33.372543
     -33.557678
     -33.504780
     -33.653099
     -33.622795
     -33.670441
     -33.659458
     -33.822849
     -33.987038
     -34.169994
     -34.186947
     -34.332119
     -34.402134
     -34.405750
     -34.580811
     -34.664940
     -34.625603
     -34.777199
     -34.636372
     -34.668987
     -34.686302
     -34.814098
     -34.747723
     -34.826317
     -35.039520
     -34.900173
     -34.927593
     -35.037922
     -35.066097
     -35.031952
     -35.135559
     -35.046520
     -35.050541
     -35.018635
     -35.144321
     -35.343929
     -35.454033
     -35.460060
     -35.331657
     -35.353073
     -35.304485
     -35.341026
     -35.374325
     -35.334457
     -35.553535
     -35.674355
     -35.627983
     -35.610294
     -35.606735
     -35.575272
     -35.767014
     -35.825310
     -35.977474
     -35.949554
     -36.076908
     -36.276772
     -36.352726
     -36.226917
     -36.145058
     -36.130116
     -36.098175
     -36.213573
     -36.427708
     -36.415756
     -36.555378
     -36.484367
     -36.693821
     -36.818253
     -36.858727
     -37.067612
     -37.108654
     -37.062561
     -37.114719
     -37.155945
     -37.302441
     -37.233265
     -37.366539
     -37.426201
     -37.571507
     -37.553001
     -37.574959
     -37.756474
     -37.629272
     -37.789131
     -37.781723
     -37.681660
     -37.728436
     -37.978592
     -37.920055
     -38.067799
     -38.048351
     -38.003178
     -37.997292
     -37.996040
     -37.937836
     -38.132122
     -38.199406
     -38.206978
     -38.399021
     -38.534229
     -38.598473
     -38.739521
     -38.772190
     -39.022072
     -38.953869
     -38.938759
     -39.071896
     -39.279758
     -39.340797
     -39.309292
     -39.383781
     -39.306389
     -39.408863
     -39.478348
     -39.556808
     -39.582172
     -39.615246
     -39.736225
     -39.750439
     -39.551754
     -39.685230
     -39.650978
     -39.772400
     -39.906296
     -40.135525
     -39.854237
     -39.839314
     -39.952301
     -40.195465
     -40.224701
     -40.278778
     -40.307171
     -40.326393
     -40.513313
     -40.528191
     -40.618702
     -40.617863
     -40.703083
     -40.432373
     -40.738121
     -40.658871
     -40.629391
     -40.673321
     -40.685848
     -40.731640
     -40.804432
     -40.874378
     -41.058464
     -41.043823
     -41.019093
     -41.192936
     -41.242016
     -41.097160
     -41.077538
     -40.948639
     -41.007401
     -40.908039
     -40.938782
     -40.862843
     -40.887577
     -40.766983
     -40.823948
     -40.900719
     -40.861183
     -40.964577
     -40.943317
     -41.022327
     -41.118946
     -41.148960
     -41.276867
     -41.192902
     -41.390888
     -41.470409
     -41.483582
     -41.406036
     -41.609928
     -41.532627
     -41.584248
     -41.548000
     -41.550159
     -41.572205
     -41.650314
     -41.580326
     -41.635891
     -41.702866
     -41.679089
     -41.625927
     -41.550060
     -41.768959
     -41.853184
     -41.866501
     -42.074642
     -42.150192
     -41.956554
     -41.960388
     -42.037804
     -41.909370
     -42.069843
     -42.085102
     -42.272766
     -42.285530
     -42.316223
     -42.291618
     -42.367737
     -42.277245
     -42.308743
     -42.286495
     -42.336094
     -42.499481
     -42.528809
     -42.386604
     -42.580032
     -42.743641
     -42.627495
     -42.523872
     -42.769550
     -42.794594
     -42.848793
     -42.855022
     -42.837173
     -42.909878
     -42.891075
     -42.774185
     -42.779999
     -42.861282
     -43.068966
     -43.089252
     -43.152164
     -42.992455
     -43.185909
     -43.039272
     -43.106117
     -43.127029
     -43.098244
     -43.210136
     -43.358906
     -43.396980
     -43.510532
     -43.736942
     -43.884529
     -43.778496
     -43.721909
     -43.694599
     -43.678261
     -43.767677
     -43.826050
     -43.912399
     -44.234768
     -44.257519
     -44.215488
     -44.216251
     -44.290718
     -44.295532
     -44.398487
     -44.436565
     -44.362991
     -44.365444
     -44.539097
     -44.543331
     -44.479641
     -44.404652
     -44.331474
     -44.469040
     -44.345539
     -44.458359
     -44.578354
     -44.697517
     -44.763180
     -44.781029
     -44.721462
     -44.595390
     -44.630978
     -44.576675
     -44.506912
     -44.778709
     -44.786198
     -44.805466
     -44.683163
     -44.628029
     -44.808689
     -44.840031
     -44.999805
     -45.159538
     -45.180458
     -45.232422
     -45.148216
     -44.964493
     -44.948498
     -44.848270
     -45.055977
     -44.911789
     -45.067547
     -45.093044
     -45.130081
     -45.494457
     -45.344257
     -45.438148
     -45.520767
     -45.553879
     -45.665138
     -45.658524
     -45.718246
     -45.624580
     -45.646816
     -45.782501
     -45.738091
     -45.760887
     -45.834507
     -45.818638
     -45.906963
     -45.824146
     -45.881641
     -45.932240
     -46.027462
     -46.134041
     -46.103928
     -46.038441
     -46.108181
     -45.979721
     -46.089523
     -45.952297
     -46.080811
     -45.994167
     -45.933426
     -46.134850
     -46.014011
     -45.933887
     -45.970383
     -46.050274
     -46.048958
     -46.226151
     -46.102158
     -46.180710
     -46.372581
     -46.311588
     -46.244732
     -46.371708
     -46.336102
     -46.454342
     -46.596191
     -46.548161
     -46.454716
     -46.468353
     -46.387226
     -46.281433
     -46.470608
     -46.528690
     -46.398415
     -46.427021
     -46.549427
     -46.520287
     -46.605286
     -46.748615
     -46.718754
