      -0.263885
      -0.227059
      -0.311446
      -0.208501
      -0.320989
      -0.219334
      -0.204863
      -0.445892
      -0.423730
      -0.349915
      -0.230166
      -0.371459
      -0.553322
      -0.483025
      -0.582520
      -0.658710
      -0.567582
      -0.573900
      -0.564335
      -0.478615
      -0.477876
      -0.427834
      -0.489778
      -0.478328
      -0.334523
      -0.277093
      -0.068700
       0.014180
       0.110136
      -0.008536
       0.040290
      -0.003965
       0.139403
      -0.065750
       0.130274
       0.139818
       0.002740
       0.059644
      -0.119733
      -0.167306
      -0.128178
      -0.178569
      -0.305346
      -0.322397
      -0.216132
      -0.272015
      -0.358294
      -0.211827
      -0.242368
      -0.216117
      -0.174228
      -0.109881
      -0.267253
      -0.341795
      -0.420773
      -0.416225
      -0.285980
      -0.264931
      -0.241925
      -0.214112
      -0.261714
      -0.215455
      -0.174151
      -0.069259
      -0.037601
      -0.142724
      -0.107105
      -0.241362
      -0.417512
      -0.368578
      -0.311883
      -0.434604
      -0.410000
      -0.460810
      -0.503908
      -0.649332
      -0.604096
      -0.631893
      -0.585281
      -0.538725
      -0.497192
      -0.571798
      -0.551870
      -0.660383
      -0.687728
      -0.769815
      -0.809872
      -0.822716
      -0.885432
      -0.780193
      -0.667358
      -0.743563
      -0.779247
      -0.934949
      -0.798198
      -0.562358
      -0.441868
      -0.442143
      -0.526589
      -0.521972
