       0.112074
       0.093485
       0.105686
       0.164612
       0.278184
       0.161565
       0.152365
       0.204165
      -0.037016
      -0.002971
       0.048553
      -0.154344
      -0.119638
      -0.019935
      -0.124900
      -0.127375
      -0.036039
       0.075799
       0.076037
       0.235643
       0.294984
       0.380218
       0.435553
       0.497355
       0.530582
       0.655159
       0.811048
       0.858453
       0.850713
       0.950092
       1.108227
       1.126472
       1.016194
       1.095445
       1.018949
       0.768950
       0.679634
       0.672489
       0.546130
       0.614532
       0.675017
       0.392408
       0.417058
       0.355294
       0.427089
       0.377551
       0.377095
       0.221851
       0.381408
       0.238496
       0.446530
       0.439111
       0.539019
       0.527458
       0.624874
       0.671535
       0.648155
       0.549201
       0.713275
       0.651215
       0.618879
       0.655893
       0.719867
       0.976329
       0.900616
       1.103914
       1.002662
       1.172623
       1.314731
       1.312290
       1.450367
       1.274537
       1.336092
       1.271061
       1.430773
       1.329752
       1.255845
       1.369772
       1.438510
       1.480586
       1.540858
       1.616407
       1.454476
       1.748029
       1.643109
       1.753231
       1.714530
       1.678834
       1.772183
       1.664164
       1.560008
       1.768377
       1.799240
       1.964779
       1.924197
       1.801560
       1.769823
       1.881749
       1.839545
       1.893745
       1.968869
       1.884326
       1.698481
       1.821105
       1.829280
       1.756195
       1.779867
       1.811555
       1.788295
       1.690035
       1.648197
       1.520802
       1.780861
       1.749191
       1.823204
       2.043560
       2.146925
       2.070910
       2.164041
       2.120933
       1.992042
       2.068389
       1.907243
       1.985912
       2.047828
       1.995221
       1.924101
       1.898324
       1.808890
       1.889103
       1.956472
       2.010031
       2.019618
       1.878475
       2.073380
       2.098691
       2.077615
       2.132278
       2.216462
       2.179465
       2.230201
       1.922886
       1.918701
       1.895177
       1.842135
       2.013569
       2.173588
       2.017804
       2.012705
       2.081409
       2.164562
       2.057631
       2.102574
       2.248689
       2.142108
       2.110883
       2.160513
       2.264737
       2.345244
       2.467989
       2.473795
       2.527769
       2.503753
       2.656556
       2.414440
       2.134296
       2.077897
       2.056185
       2.231482
       2.119929
       2.213666
       2.149373
       2.324586
       2.240621
       2.157029
       2.087321
       2.115386
       2.231614
       2.168574
       2.147169
       2.308857
       2.281210
       2.262109
       2.307147
       2.387248
       2.268723
       2.412553
       2.411633
       2.429400
       2.419821
       2.243633
       2.166256
       2.073092
       2.131668
       2.106910
       2.208420
       2.210630
       2.184958
       2.064716
       2.077523
       1.973211
       2.026769
       1.884310
       1.904353
       1.722493
       1.768625
       1.712806
       1.588693
       1.705544
       1.739324
       1.612153
       1.506022
       1.342200
       1.323767
       1.461816
       1.345474
       1.396066
       1.583184
       1.383314
       1.465419
       1.398581
       1.506944
       1.484575
       1.578142
       1.492829
       1.553597
       1.529939
       1.522541
       1.604160
       1.478567
       1.533211
       1.510328
       1.438383
       1.589178
       1.781086
       1.609994
       1.391002
       1.514299
       1.644435
       1.523536
       1.581886
       1.561874
       1.420147
       1.535197
       1.724299
       1.676188
       1.620563
       1.716270
       1.526346
       1.781006
