      -3.114298
      -3.199378
      -3.217108
      -2.936694
      -2.775452
      -2.782988
      -2.978153
      -2.995853
      -3.005023
      -2.980167
      -2.949286
      -2.976991
      -3.121735
      -3.073380
      -3.071224
      -3.337507
      -3.097216
      -3.225681
      -3.338542
      -3.225525
      -3.256859
      -3.203820
      -3.111915
      -3.279117
      -3.215246
      -3.168428
      -3.324812
      -3.418283
      -3.361020
      -3.358298
      -3.310626
      -3.278254
      -3.473564
      -3.580662
      -3.564728
      -3.592485
      -3.619444
      -3.673739
      -3.612144
      -3.794821
      -3.874019
      -3.897233
      -4.038577
      -3.981370
      -4.065536
      -4.070965
      -4.008893
      -4.155509
      -4.178429
      -4.087627
      -4.108418
      -4.182110
      -4.323131
      -4.400085
      -4.349882
      -4.420038
      -4.422747
      -4.327632
      -4.280290
      -4.346416
      -4.251103
      -4.465441
      -4.434632
      -4.576931
      -4.578642
      -4.615265
      -4.533037
      -4.730862
      -4.766053
      -4.910316
      -4.989166
      -4.960477
      -5.052830
      -5.109344
      -5.272512
      -5.164991
      -5.084295
      -5.307807
      -5.421023
      -5.422678
      -5.442395
      -5.405629
      -5.433756
      -5.447322
      -5.656058
      -5.700285
      -5.646157
      -5.659452
      -5.742048
      -5.797288
      -5.917482
      -5.993263
      -6.107995
      -6.259111
      -6.388979
      -6.295238
      -6.493190
      -6.359619
      -6.539587
      -6.371660
      -6.366666
      -6.534440
      -6.443597
      -6.375747
      -6.467580
      -6.487968
      -6.469759
      -6.486697
      -6.636668
      -6.657027
      -6.679828
      -6.671668
      -6.687294
      -6.660188
      -6.850897
      -6.869928
      -6.922279
      -6.886755
      -6.778072
      -6.723688
      -6.760705
      -6.716873
      -6.865010
      -6.895199
      -7.097838
      -7.094446
      -7.056991
      -7.192111
      -7.243909
      -7.176642
      -7.045762
      -7.124245
      -7.049508
      -6.945110
      -7.118838
      -7.143070
      -7.039946
      -7.042284
      -7.075228
      -6.913198
      -7.072067
      -7.099123
      -7.213151
      -6.943127
      -7.229694
      -7.337443
      -7.179840
      -7.212205
      -7.137872
      -7.207597
      -7.253933
      -7.333915
      -7.390720
      -7.462607
      -7.500909
      -7.422831
      -7.344290
      -7.349389
      -7.306444
      -7.235415
      -7.058702
      -7.032431
      -7.066739
      -6.969728
      -7.032239
      -7.012246
      -6.973948
      -6.885190
      -6.831015
      -6.954897
      -6.998884
      -7.120185
      -7.091278
      -7.043355
      -6.826479
      -6.882634
      -6.892111
      -6.792338
      -6.996280
      -6.964164
      -7.127814
      -7.115381
      -7.207725
      -7.237588
      -7.346553
      -7.423291
      -7.308662
      -7.361841
      -7.352802
      -7.409624
      -7.400538
      -7.307057
      -7.280789
      -7.331005
      -7.362392
      -7.246492
      -7.418277
      -7.354603
      -7.495429
      -7.362525
      -7.346582
      -7.589237
      -7.522333
      -7.598198
      -7.603903
      -7.613761
      -7.368955
      -7.486603
      -7.296959
      -7.419372
      -7.387520
      -7.263037
      -7.232034
      -7.503609
      -7.347724
      -7.239952
      -7.215937
      -7.469211
      -7.413006
      -7.288554
      -7.343574
      -7.290376
      -7.293449
      -7.458048
      -7.290468
      -7.276403
      -7.285554
      -7.343647
      -7.291948
      -7.231270
      -7.355464
      -7.550096
      -7.630516
      -7.516982
      -7.513865
      -7.656625
      -7.641658
      -7.633860
      -7.655262
      -7.507057
      -7.553096
      -7.560366
      -7.447124
      -7.577643
      -7.666836
      -7.581404
      -7.467624
      -7.413863
      -7.450565
      -7.490314
