     -22.389841
     -22.602011
     -22.737242
     -22.882000
     -23.135908
     -23.219746
     -23.417009
     -23.543837
     -23.630877
     -23.745577
     -23.979738
     -24.144783
     -24.437719
     -24.447121
     -24.635525
     -24.743940
     -24.943233
     -25.162004
     -25.192360
     -25.550001
     -25.652834
     -25.738525
     -25.838408
     -26.166271
     -26.277334
     -26.406397
     -26.488768
     -26.654646
     -26.835642
     -27.030960
     -27.081970
     -27.209284
     -27.332687
     -27.514507
     -27.615698
     -27.776485
     -27.947039
     -28.102512
     -28.278259
     -28.554888
     -28.700279
     -28.993618
     -29.171320
     -29.370188
     -29.547714
     -29.602186
     -29.837158
     -29.786503
     -29.870644
     -30.058968
     -30.288153
     -30.283165
     -30.522892
     -30.611536
     -30.742819
     -30.959387
     -30.786917
     -31.013605
     -31.121248
     -31.360754
     -31.323833
     -31.296261
     -31.237694
     -31.478470
     -31.576633
     -31.671049
     -31.753876
     -31.888813
     -31.895954
     -32.051182
     -32.108288
     -32.163090
     -32.310947
     -32.412544
     -32.405293
     -32.682976
     -32.942272
     -33.189014
     -33.370449
     -33.272346
     -33.503704
     -33.619030
     -33.674919
     -33.956051
     -34.018936
     -34.118595
     -34.249882
     -34.408619
     -34.516350
     -34.494469
     -34.590302
     -34.507053
     -34.480476
     -34.636932
     -34.718742
     -34.705570
     -34.807468
     -34.911594
     -34.968769
     -35.178963
     -35.035458
     -35.140530
     -35.234188
     -35.408760
     -35.528168
     -35.453022
     -35.656197
     -35.561573
     -35.875866
     -35.977718
     -36.157215
     -36.255268
     -36.172619
     -36.339333
     -36.412647
     -36.713028
     -36.967659
     -37.067310
     -37.106560
     -37.135674
     -37.257595
     -37.321358
     -37.446075
     -37.587425
     -37.725693
     -37.663887
     -37.908745
     -37.778000
     -37.876545
     -38.097862
     -38.201271
     -38.355850
     -38.475979
     -38.522823
     -38.661064
     -38.716782
     -38.981743
     -39.253910
     -39.338863
     -39.262806
     -39.490730
     -39.586010
     -39.589439
     -39.809414
     -39.912079
     -40.065361
     -40.040535
     -40.193111
     -40.055962
     -40.176228
     -40.164169
     -40.423752
     -40.401649
     -40.709671
     -40.844688
     -40.971390
     -41.023922
     -41.163452
     -41.239113
     -41.475117
     -41.618599
     -41.554733
     -41.596230
     -41.730602
     -41.728260
     -41.887249
     -41.807926
     -41.882477
     -41.952488
     -41.863121
     -41.924133
     -41.976658
     -41.952854
     -42.178299
     -42.107269
     -42.143291
     -42.365879
     -42.379616
     -42.363209
     -42.481064
     -42.579914
     -42.523582
     -42.728367
     -42.946201
     -42.937683
     -43.195553
     -43.271717
     -43.377762
     -43.408939
     -43.537140
     -43.677727
     -43.652355
     -43.750515
     -43.855789
     -43.953575
     -44.077320
     -44.109409
     -44.288910
     -44.286049
     -44.261944
     -44.453007
     -44.478558
     -44.715168
     -44.878010
     -44.779884
     -44.819908
     -44.946499
     -44.915291
     -45.121441
     -45.170769
     -45.053608
     -45.408787
     -45.262028
     -45.407284
     -45.353413
     -45.533657
     -45.554996
     -45.717037
     -45.652485
     -45.926067
