      -8.116248
      -8.252418
      -8.286240
      -8.340908
      -8.484521
      -8.564507
      -8.660346
      -8.681823
      -8.774180
      -8.787448
      -8.682423
      -8.674170
      -8.721457
      -8.670264
      -8.731791
      -8.765598
      -8.824579
      -8.923227
      -9.020093
      -9.016846
      -9.031988
      -9.102227
      -9.148970
      -9.147009
      -9.202636
      -9.452759
      -9.381868
      -9.527092
      -9.605947
      -9.490747
      -9.556473
      -9.507106
      -9.448525
      -9.453932
      -9.597851
      -9.689212
      -9.615484
      -9.764113
      -9.776993
      -9.818383
      -9.755874
      -9.779517
      -9.789615
      -9.789672
      -9.708166
      -9.771656
      -9.821330
      -9.860301
      -9.802700
      -9.755825
      -9.788387
      -9.819977
      -9.782542
      -9.917782
     -10.047804
     -10.012984
     -10.050522
     -10.055869
     -10.013670
     -10.244207
     -10.380594
     -10.493807
     -10.616305
     -10.484840
     -10.586851
     -10.674475
     -10.631915
     -10.773392
     -10.994047
     -11.029644
     -11.004192
     -11.244774
     -11.310373
     -11.274303
     -11.365312
     -11.393543
     -11.500142
     -11.314504
     -11.414884
     -11.620028
     -11.645431
     -11.600841
     -11.689321
     -11.372320
     -11.412879
     -11.563578
     -11.577718
     -11.698915
     -11.848243
     -11.891444
     -11.981294
     -12.011994
     -12.129786
     -12.135092
     -12.075055
     -12.103903
     -12.202927
     -12.380504
     -12.483167
     -12.414963
     -12.202993
     -12.358024
     -12.362349
     -12.472897
     -12.418999
     -12.548669
     -12.648469
     -12.631516
     -12.753839
     -12.796322
     -12.849339
     -12.873678
     -12.964710
     -13.181726
     -13.242132
     -13.193068
     -13.182343
     -13.081753
     -13.158530
     -13.241335
     -13.327737
     -13.413656
     -13.421951
     -13.428828
     -13.345203
     -13.373473
     -13.659713
     -13.681132
     -13.826482
     -13.928304
     -13.972695
     -14.207141
     -14.243708
     -14.268773
     -14.455360
     -14.473496
     -14.525505
     -14.457803
     -14.453871
     -14.638013
     -14.533453
     -14.550908
     -14.541139
     -14.573833
     -14.580197
     -14.577944
     -14.466726
     -14.536586
     -14.469819
     -14.535264
     -14.606100
     -14.655590
     -14.487489
     -14.547133
     -14.500120
     -14.528863
     -14.550855
     -14.610903
     -14.786206
     -14.876326
     -14.810009
     -14.699759
     -14.616929
     -14.655000
     -14.674788
     -14.588364
     -14.673156
     -14.693292
     -14.723764
     -14.745618
     -14.744406
     -14.813519
     -14.792403
     -14.905019
     -14.961477
     -14.983617
     -14.974872
     -14.869913
     -14.796994
     -14.732976
     -14.840500
     -14.922706
     -15.093901
     -15.111297
     -15.217523
     -15.267661
     -15.154276
     -15.210585
     -15.245477
     -15.283372
     -15.042124
     -15.217177
     -15.184935
     -15.303680
     -15.314666
     -15.274899
     -15.309709
     -15.411359
     -15.319650
     -15.351672
     -15.365538
     -15.412197
     -15.589691
     -15.655987
     -15.633761
     -15.914674
     -15.853418
     -15.957685
     -15.988006
     -15.965267
     -16.029100
     -16.085215
     -16.006479
     -15.834272
     -15.876180
     -15.685827
     -15.722199
     -15.954525
     -15.892224
     -15.908023
     -15.993516
     -16.123650
     -16.278133
     -16.338945
     -16.243322
     -16.503551
     -16.583910
     -16.630859
     -16.591375
     -16.613384
     -16.516293
     -16.659485
     -16.574478
     -16.736965
     -16.638306
     -16.753763
     -16.845060
     -16.876125
     -16.912329
     -17.054317
     -17.135122
     -17.200390
     -17.283134
     -17.400213
     -17.491520
     -17.549585
     -17.619871
     -17.731489
     -17.697262
     -17.624809
     -17.653662
     -17.847237
     -17.992434
     -17.961039
     -18.033316
     -18.073027
     -18.274593
     -18.094051
     -18.167025
     -18.107538
     -18.123692
     -18.045826
     -18.051687
     -18.098597
     -18.103415
     -18.053392
     -18.150530
     -18.191645
     -18.138103
     -18.020632
     -18.158253
     -18.114090
     -18.034710
     -17.986536
     -18.070673
     -18.076347
     -18.075249
     -18.259008
     -18.245150
     -18.429276
     -18.471176
     -18.426151
     -18.246599
     -18.176430
     -18.015022
     -18.241716
     -18.203245
     -18.138987
     -18.111885
     -18.097454
     -18.263176
     -18.221214
     -18.186790
     -18.258253
     -18.032042
     -18.004431
     -17.965878
     -17.838902
     -18.001957
     -17.841385
     -17.781096
     -17.715237
     -17.547100
     -17.574131
     -17.542107
     -17.487921
     -17.565506
     -17.505526
     -17.397038
     -17.527822
     -17.580091
     -17.545753
     -17.351625
     -17.230709
     -17.351976
     -17.353355
     -17.337032
     -17.254930
     -17.336706
     -17.270782
     -17.274817
     -17.275126
     -17.344238
     -17.309162
     -17.288364
     -17.293325
     -17.188770
     -17.401848
     -17.586384
     -17.650101
     -17.641834
     -17.709698
     -17.815081
     -17.681099
     -17.767843
     -17.818645
     -17.722153
     -17.824944
     -17.823154
     -17.865559
     -17.976555
     -17.994328
     -17.854031
     -18.012936
     -17.790253
     -18.024323
     -18.058790
     -18.171688
     -18.170038
     -18.134726
     -18.007542
     -18.079920
     -18.085829
     -18.133951
     -18.131828
     -18.093637
     -18.154659
     -18.099731
     -18.319521
     -18.324415
     -18.493956
     -18.420202
     -18.345131
     -18.342600
     -18.482992
     -18.495722
     -18.504021
     -18.585758
     -18.566999
     -18.512316
     -18.424717
     -18.494064
     -18.509373
     -18.706511
     -18.753445
     -18.806940
     -18.889759
     -18.918407
     -18.945053
     -18.945843
     -18.957397
     -19.105825
     -19.126505
     -19.144579
     -19.024725
     -19.209810
     -19.107182
     -19.343731
     -19.407396
     -19.380816
     -19.404730
     -19.400225
     -19.330460
     -19.296585
     -19.244751
     -19.575771
     -19.366539
     -19.358717
     -19.382605
     -19.529753
     -19.556421
     -19.295732
     -19.187874
     -19.136654
     -19.216167
     -19.184410
     -19.211443
     -19.191051
     -19.253815
     -19.232946
     -19.320164
     -19.197712
     -19.331474
     -19.306696
     -19.211317
     -19.154163
     -19.192331
     -19.045332
     -19.121536
     -19.193489
     -19.244665
     -19.174820
     -19.132696
     -19.293234
     -19.338797
     -19.465416
     -19.437330
     -19.360661
     -19.307899
     -19.237236
     -19.018841
     -19.136467
     -19.209257
     -19.310904
     -19.313793
     -19.480556
     -19.474892
     -19.392347
     -19.428675
     -19.579149
     -19.502737
     -19.496830
     -19.335787
     -19.426815
     -19.526764
     -19.407591
     -19.529787
     -19.603134
     -19.544954
     -19.579870
     -19.669651
     -19.533728
     -19.452051
     -19.384968
     -19.431881
     -19.496546
     -19.442146
     -19.553410
     -19.520973
     -19.473093
     -19.457548
     -19.486786
     -19.320381
     -19.313211
     -19.211342
     -19.310503
     -19.346838
     -19.264980
     -19.407524
     -19.396935
     -19.599276
     -19.610422
     -19.516504
     -19.605789
     -19.646614
     -19.401831
     -19.433189
     -19.465343
     -19.366346
     -19.374037
     -19.248301
     -19.058390
     -19.268652
     -19.224762
     -19.317024
     -19.373932
     -19.202385
     -19.149632
     -19.092188
     -19.094797
     -19.131210
     -19.083773
     -19.293102
     -19.210035
     -19.397041
     -19.402962
     -19.300014
     -19.486057
     -19.591478
     -19.647081
     -19.533325
     -19.499149
     -19.373119
     -19.408569
     -19.464331
     -19.344261
     -19.566328
     -19.506411
     -19.508986
     -19.530910
     -19.436958
     -19.474007
     -19.599413
     -19.659357
     -19.611835
     -19.470522
     -19.380558
     -19.300709
     -19.272198
     -19.429209
