       0.339110
       0.276596
       0.327075
       0.391004
       0.301638
       0.263087
       0.306466
       0.185770
       0.282713
       0.158582
       0.071246
       0.104017
       0.222818
       0.330760
       0.107246
       0.254218
       0.330813
       0.232165
       0.272297
       0.209661
       0.136295
       0.104348
       0.112980
       0.106711
       0.070083
       0.171041
      -0.074792
      -0.236115
      -0.068207
       0.035677
       0.048931
       0.204080
       0.127701
       0.070897
       0.082819
       0.183361
       0.139337
       0.084152
       0.032318
       0.058305
       0.002092
      -0.023288
      -0.302557
      -0.390583
      -0.227722
      -0.210212
      -0.313528
      -0.215957
      -0.313457
      -0.132835
      -0.195591
      -0.066907
      -0.028295
      -0.028843
      -0.094154
       0.098709
      -0.027387
       0.029888
       0.064706
      -0.125937
      -0.024825
      -0.023101
       0.182307
       0.151066
       0.136165
       0.134279
       0.035748
       0.328091
       0.257474
       0.227655
       0.159710
       0.123663
       0.149774
       0.116096
       0.215990
       0.137644
       0.275750
       0.188941
       0.181535
       0.169856
       0.023230
       0.069744
      -0.009672
       0.037380
      -0.044891
       0.013473
       0.041553
       0.076262
       0.092542
      -0.045010
       0.027336
       0.071783
       0.023209
       0.160934
       0.062244
      -0.100981
      -0.131156
       0.006946
      -0.042021
      -0.119264
      -0.171666
      -0.112007
      -0.030156
      -0.027939
      -0.123193
      -0.180431
      -0.032927
      -0.028264
      -0.109065
      -0.097421
      -0.074683
      -0.028441
      -0.036409
       0.041447
      -0.107469
      -0.136616
       0.047754
      -0.041524
       0.029159
      -0.026699
      -0.084254
      -0.145353
      -0.185102
      -0.118269
      -0.091268
      -0.045431
      -0.038108
       0.174765
       0.259495
       0.014420
      -0.038199
       0.091616
      -0.004239
       0.070339
       0.044846
      -0.067700
      -0.112708
      -0.124442
      -0.201125
      -0.219931
      -0.183110
      -0.331617
      -0.267001
      -0.222373
      -0.152024
      -0.023943
       0.167668
       0.224469
      -0.006407
      -0.105666
      -0.148047
      -0.232366
      -0.125292
      -0.088533
      -0.229674
      -0.169650
      -0.061985
      -0.138822
      -0.287184
      -0.382125
      -0.249728
      -0.370495
      -0.234595
      -0.072650
      -0.064617
      -0.070988
      -0.062529
      -0.163974
      -0.193479
      -0.119382
      -0.075563
       0.048733
       0.148334
       0.226980
       0.233319
       0.205875
       0.270902
       0.319906
       0.195821
       0.185357
       0.112016
       0.046940
      -0.077253
       0.047449
       0.161663
       0.077766
       0.045828
       0.133267
       0.333409
       0.189810
       0.186112
       0.125435
      -0.040568
       0.110150
      -0.037245
       0.072617
       0.094847
       0.088542
      -0.008221
      -0.138641
      -0.167631
      -0.027642
      -0.294151
      -0.147287
      -0.224886
      -0.521412
      -0.422816
      -0.170741
      -0.326759
      -0.180236
      -0.232507
      -0.230857
      -0.179379
      -0.289205
      -0.330330
      -0.409950
      -0.309048
      -0.201660
      -0.318705
      -0.121604
      -0.099907
      -0.194818
      -0.405848
      -0.228979
      -0.353162
      -0.294248
      -0.150983
      -0.345426
      -0.450096
      -0.355253
      -0.419371
      -0.313114
      -0.294907
      -0.283543
      -0.150837
      -0.078807
       0.144249
      -0.037215
       0.067956
      -0.007679
       0.113453
       0.026902
       0.125596
      -0.126171
      -0.085814
      -0.211043
      -0.297235
      -0.224070
       0.027879
      -0.025311
