      -5.180991
      -5.269986
      -5.367878
      -5.519627
      -5.492374
      -5.433156
      -5.602909
      -5.826300
      -5.629707
      -5.805508
      -5.869643
      -5.788548
      -5.814387
      -5.879579
      -5.855342
      -5.870249
      -5.963853
      -5.955763
      -6.015052
      -6.073664
      -6.090290
      -6.060509
      -6.135365
      -6.278131
      -6.268249
      -6.322564
      -6.390931
      -6.474776
      -6.542385
      -6.441849
      -6.730581
      -6.767541
      -6.824901
      -6.932799
      -6.841291
      -6.874763
      -6.787454
      -6.746360
      -6.979674
      -6.740139
      -6.928054
      -7.042165
      -6.999734
      -7.033284
      -7.089488
      -7.116994
      -7.280453
      -7.262179
      -7.365548
      -7.415768
      -7.621087
      -7.502042
      -7.618064
      -7.680934
      -7.656054
      -7.877874
      -7.818773
      -7.975222
      -8.059106
      -8.105980
      -8.183082
      -8.208607
      -8.276072
      -8.230457
      -8.392904
      -8.409500
      -8.530353
      -8.498639
      -8.394726
      -8.398042
      -8.287640
      -8.370922
      -8.459794
      -8.614465
      -8.574527
      -8.318389
      -8.223890
      -8.292762
      -8.252126
      -8.396429
      -8.464305
      -8.440205
      -8.592175
      -8.542249
      -8.435411
      -8.651738
      -8.427228
      -8.351628
      -8.307586
      -8.573428
      -8.424699
      -8.577753
      -8.559265
      -8.549209
      -8.554536
      -8.647712
      -8.603045
      -8.499950
      -8.613868
      -8.587351
      -8.651779
      -8.662401
      -8.674046
      -8.795612
      -8.737803
      -8.717338
      -8.736993
      -8.634813
      -8.732679
      -8.609031
      -8.694045
      -8.739583
      -8.432204
      -8.409413
      -8.623343
      -8.785957
      -8.656111
      -8.738259
      -8.616535
      -8.769846
      -8.540642
      -8.557394
      -8.461504
      -8.540265
      -8.537041
      -8.723417
      -8.727022
      -8.684027
      -8.549831
      -8.576906
      -8.505784
      -8.759231
      -8.773847
      -8.766101
      -8.833476
      -8.901301
      -9.077453
      -9.110353
      -8.995214
      -9.140719
      -9.366059
      -9.580788
      -9.566291
      -9.613295
      -9.594083
      -9.567371
      -9.906064
      -9.807290
      -9.708637
      -9.702523
      -9.840341
      -9.655382
      -9.694545
      -9.726028
      -9.789531
      -9.809950
      -9.891243
      -9.980467
      -9.978626
     -10.055105
      -9.874465
      -9.978481
      -9.926804
      -9.952868
      -9.930902
     -10.048990
      -9.973189
     -10.089997
      -9.969131
     -10.058650
     -10.097260
     -10.045263
     -10.145145
     -10.148151
     -10.167638
     -10.258080
     -10.294005
     -10.293064
     -10.318151
     -10.410356
     -10.285791
     -10.301076
     -10.395384
     -10.388694
     -10.420516
     -10.569636
     -10.408829
     -10.487144
     -10.458533
     -10.472901
     -10.504428
     -10.622328
     -10.321399
     -10.468999
     -10.347261
     -10.289984
     -10.210558
     -10.263041
     -10.375762
     -10.314721
     -10.481800
     -10.445157
     -10.471005
     -10.439047
     -10.359774
     -10.281862
     -10.397056
     -10.321132
     -10.253310
     -10.372402
     -10.275464
     -10.225081
     -10.303993
     -10.305303
     -10.186768
     -10.191899
     -10.131278
     -10.183614
     -10.154432
     -10.134603
     -10.240891
     -10.143415
     -10.244498
     -10.070661
      -9.947129
     -10.054685
      -9.947735
     -10.078961
     -10.105849
     -10.152846
     -10.244437
     -10.367406
     -10.266022
     -10.125366
      -9.988826
     -10.023178
     -10.072980
     -10.030499
     -10.110810
      -9.955013
     -10.050193
     -10.178683
     -10.202109
     -10.139487
     -10.092057
     -10.063580
     -10.195964
     -10.130283
     -10.159132
     -10.070011
