      -0.143677
      -0.191872
      -0.308139
      -0.394698
      -0.592080
      -0.555911
      -0.537777
      -0.509283
      -0.329851
      -0.411491
      -0.438077
      -0.412912
      -0.429998
      -0.480184
      -0.528555
      -0.433687
      -0.349468
      -0.372676
      -0.533635
      -0.631756
      -0.691740
      -0.630288
      -0.855915
      -0.792047
      -0.923621
      -1.089961
      -0.934322
      -0.969305
      -1.054421
      -1.067165
      -1.077603
      -1.182544
      -1.102749
      -1.088237
      -1.369644
      -1.356549
      -1.349948
      -1.136132
      -1.143038
      -1.163773
      -1.136509
      -1.148403
      -1.037141
      -1.131435
      -1.101291
      -1.107711
      -0.955725
      -0.956463
      -0.737550
      -0.683769
      -0.685776
      -0.839639
      -0.733537
      -0.841316
      -0.835580
      -0.860047
      -0.724836
      -0.712279
      -0.695713
      -0.845846
      -0.793339
      -1.092565
      -0.992669
      -0.966155
      -0.694128
      -0.672415
      -0.826754
      -0.782205
      -0.844276
      -0.718974
      -0.623263
      -0.570772
      -0.432007
      -0.368699
      -0.409458
      -0.281857
      -0.192890
      -0.185283
      -0.149457
      -0.033970
      -0.007794
       0.013689
       0.267217
       0.305287
       0.425063
       0.436356
       0.573908
       0.512413
       0.519623
       0.487991
       0.677623
       0.808233
       0.895369
       1.070990
       1.018668
       1.008909
       0.896692
       0.774732
       0.713037
       0.781091
       0.798984
       0.751392
       0.775363
       0.884647
       0.872599
       1.035433
       0.911415
       1.056769
       0.986866
       1.039059
       0.901852
       0.646103
       0.850679
       0.879965
       1.055096
       0.888621
       0.771761
       0.857506
       0.814096
       0.887156
       0.834278
       0.810592
       0.887491
       0.971680
       0.791701
       0.577722
       0.445212
       0.451242
       0.557700
       0.532903
       0.513985
       0.422729
       0.441855
       0.567125
       0.585475
       0.569988
       0.580999
       0.524630
       0.575315
       0.704972
       0.746400
       0.924619
       0.971938
       0.961681
       1.050832
       0.894658
       0.753312
       0.865807
       0.870237
       0.875681
       0.931509
       0.833970
       0.700656
       0.746667
       0.752202
       0.917118
       0.973172
       0.988277
       1.093461
       1.177597
       1.216782
       1.366511
       1.362325
       1.231484
       1.112002
       1.132134
       1.099145
       1.129765
       1.010869
       0.920407
       1.007462
       0.986887
       0.886885
       0.957467
       0.965103
       0.811924
       0.915785
       0.764453
       0.710563
       0.810962
       0.782442
       1.008178
       1.115648
       1.041467
       1.064438
       0.915660
       1.087474
       1.075898
       1.176063
       1.176324
       1.099962
       1.209813
       1.067625
       1.145451
       1.116725
       1.097688
       1.101750
       0.974338
       0.998438
       0.942221
       0.900580
       0.807541
       0.877277
       0.827427
       0.700656
       0.760821
       0.827831
       0.699349
       0.801911
       0.862269
       0.848953
       0.687209
       0.662081
       0.869482
       0.848207
       0.717350
       0.677471
       0.748106
       0.692367
       0.810803
       0.689827
       1.059555
       1.020442
       0.857098
       0.826262
       0.811964
       0.837621
       0.685430
       0.587896
       0.604962
       0.538239
       0.481159
       0.533892
       0.591019
       0.526521
       0.513936
       0.326495
       0.317600
       0.142713
       0.125087
       0.226906
       0.024042
       0.199044
       0.088807
       0.101269
       0.214179
       0.167940
       0.156648
       0.200884
       0.350930
