      -0.714327
      -0.647578
      -0.539920
      -0.525747
      -0.684692
      -0.687877
      -0.658750
      -0.785734
      -0.831213
      -0.782764
      -0.745092
      -0.762926
      -0.772679
      -0.690413
      -0.729152
      -0.764664
      -0.583219
      -0.671670
      -0.625711
      -0.792977
      -0.796049
      -0.827952
      -0.831593
      -0.803172
      -0.896657
      -0.781173
      -0.715411
      -0.774436
      -0.782927
      -0.786746
      -0.994723
      -0.833005
      -0.928548
      -0.894355
      -0.921502
      -0.959512
      -0.810440
      -0.863743
      -0.710675
      -0.646664
      -0.866640
      -0.990565
      -0.880096
      -0.900907
      -0.898663
      -0.867903
      -0.960156
      -0.869679
      -0.733031
      -0.633298
      -0.988028
      -0.875305
      -0.896772
      -0.945305
      -0.940100
      -0.941465
      -1.095747
      -0.914923
      -1.039310
      -1.069500
      -1.053063
      -0.996914
      -0.970866
      -1.039513
      -1.025697
      -1.114287
      -1.014253
      -1.195892
      -1.226742
      -1.322246
      -1.294178
      -1.346681
      -1.447453
      -1.439319
      -1.341841
      -1.411179
      -1.505762
      -1.371382
      -1.356072
      -1.470515
      -1.454083
      -1.395157
      -1.472521
      -1.600312
      -1.620350
      -1.495899
      -1.475959
      -1.537205
      -1.446303
      -1.670366
      -1.381881
      -1.395711
      -1.394302
      -1.624614
      -1.398417
      -1.565714
      -1.457352
      -1.398424
      -1.506037
      -1.355602
