      -4.419680
      -4.349027
      -4.112593
      -4.113887
      -4.155031
      -4.194275
      -4.083826
      -4.210333
      -4.146328
      -4.045553
      -4.188162
      -4.210745
      -4.233596
      -4.360713
      -4.424134
      -4.335302
      -4.348653
      -4.423394
      -4.447104
      -4.566987
      -4.644473
      -4.748752
      -4.536193
      -4.850666
      -4.730214
      -4.698987
      -4.662121
      -4.688317
      -4.585689
      -4.745014
      -4.785745
      -5.033213
      -4.921305
      -4.908411
      -4.877681
      -4.894050
      -4.857569
      -4.774309
      -4.861814
      -4.962103
      -5.153826
      -5.198571
      -5.198186
      -5.196103
      -5.192878
      -5.485629
      -5.456307
      -5.449574
      -5.435952
      -5.506004
      -5.489997
      -5.517227
      -5.610886
      -5.581000
      -5.756818
      -5.662482
      -5.872262
      -5.833176
      -5.847000
      -5.810464
      -5.763341
      -5.694793
      -5.717061
      -5.940644
      -5.756146
      -5.873606
      -5.955837
      -5.912705
      -5.894942
      -5.969629
      -5.876111
      -5.838817
      -5.870448
      -5.991249
      -5.931209
      -6.131155
      -6.142356
      -6.127601
      -6.174259
      -6.167714
      -6.302422
      -6.331423
      -6.367853
      -6.532959
      -6.596178
      -6.563465
      -6.445333
      -6.556024
      -6.703510
      -6.636373
      -6.709074
      -6.770267
      -6.729753
      -6.626486
      -6.667202
      -6.645727
      -6.607473
      -6.600122
      -6.672350
      -6.497788
