     -39.930069
     -40.223206
     -40.454281
     -40.674950
     -40.837185
     -41.169456
     -41.497826
     -41.642014
     -41.949184
     -42.357994
     -42.739559
     -42.792385
     -43.211029
     -43.646473
     -43.992233
     -44.223557
     -44.460575
     -44.812267
     -44.908627
     -45.411015
     -45.598206
     -45.868557
     -46.230698
     -46.599480
     -46.936951
     -47.104324
     -47.339020
     -47.601879
     -47.846962
     -48.114063
     -48.663631
     -48.922386
     -49.223099
     -49.621582
     -49.856960
     -50.201962
     -50.469090
     -50.525787
     -50.646450
     -50.844063
     -51.135601
     -51.566063
     -51.894333
     -51.976353
     -52.228333
     -52.399452
     -52.613525
     -52.859814
     -53.190529
     -53.451080
     -53.649681
     -53.916016
     -54.235035
     -54.472504
     -54.870975
     -55.097099
     -55.383797
     -55.784801
     -55.923550
     -56.168098
     -56.366337
     -56.825047
     -56.926903
     -57.248951
     -57.665676
     -57.912075
     -58.257889
     -58.465488
     -58.752178
     -59.013035
     -59.381596
     -59.572914
     -59.821774
     -60.144077
     -60.538033
     -60.737049
     -61.046955
     -61.379780
     -61.509636
     -61.866562
     -62.032421
     -62.249706
     -62.524166
     -62.881420
     -63.187168
     -63.406273
     -63.631516
     -63.790459
     -64.131615
     -64.234329
     -64.438095
     -64.719490
     -65.192200
     -65.283546
     -65.481354
     -65.656654
     -65.935974
     -66.092613
     -66.365013
     -66.592102
     -66.702705
     -66.945915
     -67.175545
     -67.379959
     -67.580177
     -67.729996
     -68.030777
     -68.311852
     -68.500099
     -68.537560
     -68.922409
     -69.042603
     -69.249275
     -69.567665
     -69.815750
     -70.062782
     -70.377419
     -70.508049
     -70.774902
     -71.093063
     -71.175804
     -71.353500
     -71.312569
     -71.567032
     -71.537712
     -71.906258
     -72.215668
     -72.192543
     -72.457039
     -72.648880
     -72.657341
     -72.900742
     -73.265640
     -73.394547
     -73.553574
     -73.888443
     -74.075539
     -74.258064
     -74.475945
     -74.415337
     -74.773605
     -74.963104
     -75.120598
     -75.272781
     -75.606056
     -75.655914
     -75.876640
     -76.099915
     -76.451279
     -76.632156
     -76.860909
     -76.940247
     -76.866478
     -77.036835
     -77.089485
     -77.146347
     -77.354927
     -77.518326
     -77.521683
     -77.724571
     -77.879547
     -78.220665
     -78.212975
     -78.568741
     -78.626389
     -78.629730
     -78.874413
     -78.915718
     -79.067581
     -79.216217
     -79.282654
     -79.619164
     -79.754707
     -79.945442
     -80.230949
     -80.305099
     -80.442184
     -80.566429
     -80.623665
     -80.671783
     -81.038422
     -81.187576
     -81.248749
     -81.253998
     -81.448021
     -81.612114
     -81.819061
     -82.021072
     -82.204659
     -82.424774
     -82.473785
     -82.672340
     -82.675438
     -82.717621
     -82.848473
     -82.977837
     -83.080566
     -83.097946
     -83.267281
     -83.323441
     -83.485352
     -83.494827
     -83.648506
     -83.727814
     -83.761818
     -84.079506
     -84.190651
     -84.263954
     -84.578110
     -84.658501
     -84.735748
     -84.869751
     -84.917137
     -85.186241
     -85.008873
     -85.272736
     -85.281303
     -85.499985
     -85.667999
     -85.838577
     -86.020805
     -85.960968
     -86.313438
     -86.304031
     -86.444298
     -86.714767
     -87.017128
     -86.882660
     -87.125778
     -87.263222
     -87.149849
     -87.229851
     -87.231262
     -87.142517
     -87.381149
     -87.496193
     -87.691681
     -88.020363
     -87.993034
     -88.052483
     -88.070480
     -88.164879
     -88.346931
     -88.623344
     -88.775070
     -88.773964
     -88.946320
     -89.057304
     -89.306892
     -89.596939
     -89.499329
     -89.699860
     -89.822662
     -89.838562
     -90.001137
     -90.066551
     -90.146233
     -90.233131
     -90.331993
     -90.620338
     -90.698151
     -90.831459
     -90.851532
     -91.063499
     -91.189331
     -91.354492
     -91.574120
     -91.732162
     -91.778580
     -91.844978
     -91.988396
     -92.014328
     -92.028702
     -92.136650
     -92.267998
     -92.196747
     -92.249893
     -92.519196
     -92.447899
     -92.684029
     -92.771233
     -92.786789
     -93.018036
     -92.994202
     -93.059547
     -93.120270
     -93.302109
     -93.382584
     -93.328888
     -93.494385
     -93.462524
     -93.601624
     -93.830185
     -94.106201
     -94.184669
     -94.287727
     -94.559700
     -94.637764
     -94.732651
     -94.887489
     -95.016510
     -95.109245
     -95.238876
     -95.292526
     -95.367027
     -95.440529
     -95.447929
     -95.562103
     -95.559784
     -95.723427
     -95.656235
     -95.755737
     -95.971001
     -96.084106
     -96.275452
     -96.261276
     -96.344749
     -96.401817
     -96.395424
     -96.416885
     -96.709213
     -96.753365
     -96.863472
     -97.055016
     -97.322937
     -97.233505
     -97.386917
     -97.458267
     -97.558594
     -97.643135
     -97.528587
     -97.681107
     -97.680023
     -97.693184
     -97.714035
     -97.771622
     -97.876816
     -97.927246
     -98.063774
     -98.303864
     -98.248993
     -98.481880
     -98.566177
     -98.627640
     -98.732330
     -98.886978
     -99.073006
     -99.083153
     -99.170723
     -99.373436
     -99.508713
     -99.534447
     -99.758675
     -99.820076
    -100.214180
    -100.320557
    -100.280411
    -100.388489
    -100.392265
    -100.513542
    -100.743347
    -100.644112
    -100.577805
    -100.548294
    -100.666664
    -100.594696
    -100.817307
    -100.907631
    -101.081978
    -101.297760
    -101.310577
    -101.371864
    -101.453125
    -101.446373
    -101.708420
    -101.828987
    -101.788223
    -101.865814
    -102.126656
    -102.262558
    -102.450813
    -102.450897
    -102.519943
    -102.594765
    -102.676598
    -102.778358
    -102.839935
    -103.014908
    -103.064514
    -103.279694
    -103.384415
    -103.512268
    -103.494698
    -103.459671
    -103.487595
    -103.491531
    -103.719215
    -103.653961
    -103.795853
    -104.099983
    -104.215912
    -104.268875
    -104.484245
    -104.596199
    -104.630394
    -104.749130
    -104.871216
    -104.870064
    -104.939224
    -105.022903
    -105.198814
    -105.330391
    -105.313904
    -105.421814
    -105.615524
    -105.744797
    -105.856308
    -105.909081
    -105.897812
    -106.057358
    -106.118553
    -106.038338
    -106.207687
    -106.257339
    -106.458832
    -106.437462
    -106.535294
    -106.606102
    -106.572998
    -106.739304
    -106.808823
    -106.908707
    -106.802109
    -106.711388
    -106.828178
    -106.843781
    -106.846733
    -107.084015
    -106.946922
    -106.880608
    -107.009918
    -107.104050
    -107.157051
    -107.305656
    -107.311165
    -107.388206
    -107.619453
    -107.689812
    -107.862343
    -107.963547
    -107.975578
    -108.025650
    -108.082497
    -108.054642
    -108.174179
    -108.170944
    -108.204842
    -108.402809
    -108.543419
    -108.668930
    -108.558937
    -108.601952
    -108.599594
    -108.646477
    -108.613998
    -108.726692
    -108.903534
    -109.014633
    -109.039688
    -109.068932
    -109.312851
    -109.455734
    -109.385300
    -109.542809
    -109.718971
    -109.671173
    -109.855354
    -110.012383
    -110.235779
    -110.135658
    -110.474846
    -110.472198
    -110.437874
    -110.416206
    -110.636246
    -110.700691
    -110.490578
    -110.606934
    -110.877991
    -111.004646
    -111.079079
    -111.231979
    -111.293716
    -111.424393
    -111.364792
    -111.501007
    -111.616112
    -111.810722
    -111.992477
    -112.132339
    -112.180695
    -112.087990
    -112.364700
    -112.261253
    -112.515869
    -112.520508
    -112.577728
    -112.695923
    -112.798950
    -112.750481
    -112.917336
    -112.845558
    -113.020241
    -113.117912
    -113.175064
    -113.311066
    -113.393845
    -113.514153
    -113.759583
    -113.918320
