     -10.056432
     -10.223082
     -10.299582
     -10.288029
     -10.272333
     -10.648907
     -10.655068
     -10.516795
     -10.820745
     -10.878934
     -10.746783
     -10.797676
     -10.912728
     -10.886850
     -10.978850
     -11.087347
     -11.256979
     -11.393309
     -11.497139
     -11.738894
     -11.871919
     -11.936332
     -12.020730
     -12.012165
     -12.269664
     -12.255688
     -12.153428
     -12.408542
     -12.467860
     -12.391026
     -12.452020
     -12.438473
     -12.594400
     -12.540849
     -12.748075
     -12.579150
     -12.671823
     -12.599293
     -12.693171
     -12.802450
     -12.805381
     -12.733107
     -12.882971
     -13.154265
     -13.080139
     -13.073613
     -13.435365
     -13.275505
     -13.488619
     -13.397446
     -13.578076
     -13.790789
     -13.842419
     -14.050550
     -14.198071
     -14.118919
     -13.986073
     -14.024851
     -14.157310
     -14.146011
     -14.166432
     -14.300247
     -14.315455
     -14.345605
     -14.263867
     -14.509632
     -14.626431
     -14.576011
     -14.928959
     -14.892307
     -14.937496
     -15.196547
     -15.234430
     -15.353081
     -15.551948
     -15.501348
     -15.613630
     -15.455185
     -15.559398
     -15.531260
     -15.828609
     -15.725746
     -15.809372
     -15.808966
     -15.800692
     -15.898338
     -15.957902
     -15.992342
     -16.042286
     -16.304562
     -16.274204
     -16.227108
     -16.128181
     -16.453131
     -16.511316
     -16.616207
     -16.785683
     -16.769094
     -16.791576
     -16.776672
     -16.945850
     -16.918453
     -17.145504
     -17.205915
     -17.277496
     -17.390011
     -17.442165
     -17.539003
     -17.541822
     -17.437590
     -17.574940
     -17.690948
     -17.761745
     -17.973577
     -17.829834
     -18.026602
     -17.975824
     -17.981489
     -18.088743
     -18.235239
     -18.214983
     -18.307446
     -18.410723
     -18.536213
     -18.418739
     -18.624495
     -18.586067
     -18.668741
     -18.696995
     -18.709562
     -18.752420
     -18.962345
     -18.933466
     -19.040911
     -19.153166
     -19.220564
     -19.357725
     -19.351681
     -19.382524
     -19.416414
     -19.361498
     -19.288706
     -19.449461
     -19.378420
     -19.363674
     -19.355801
     -19.415361
     -19.438139
     -19.386543
     -19.218426
     -19.341196
     -19.513353
     -19.602715
     -19.718903
     -19.742044
     -19.757189
     -19.774567
     -19.842442
     -19.933426
     -20.042934
     -20.209332
     -19.995773
     -19.968105
     -20.023823
     -20.159338
     -20.170441
     -20.240747
     -20.192581
     -20.091169
     -20.036526
     -20.074205
     -20.176371
     -20.140676
     -20.282795
     -20.200636
     -20.112745
     -19.986101
     -20.027113
     -19.968145
     -20.009598
     -20.018215
     -20.227715
     -20.343472
     -20.327923
     -20.200468
     -20.419086
     -20.463030
     -20.273872
     -20.176426
     -20.420547
     -20.505354
     -20.596207
     -20.628035
     -20.605934
     -20.554699
     -20.556574
     -20.715538
     -20.691099
     -20.827337
     -20.729582
     -20.950693
     -20.922522
     -20.999834
     -21.112001
     -21.186092
     -21.151554
     -21.061453
     -21.131275
     -21.193958
     -21.132799
     -21.125559
     -21.159023
     -21.151863
     -21.016788
     -20.930773
     -21.033531
     -20.954126
     -21.041649
     -20.986107
     -20.927753
     -20.848217
     -20.889160
     -20.907425
     -20.816833
     -20.881390
     -20.924751
     -20.920174
     -20.967489
     -21.042299
     -21.108570
     -21.180332
     -21.096128
     -21.142984
     -21.031969
     -21.101082
     -21.147020
     -21.324604
     -21.401739
     -21.365606
     -21.421413
     -21.418341
     -21.497068
     -21.589846
     -21.413486
     -21.425507
     -21.607618
     -21.585135
     -21.534824
     -21.528917
     -21.686092
     -21.714394
     -21.720354
     -21.826792
     -21.768316
     -21.541719
     -21.737282
     -21.709728
     -21.726480
     -21.890974
     -21.849789
     -21.700422
     -21.725485
     -21.799355
     -21.997757
     -22.081203
     -22.106045
     -22.123810
     -22.277874
     -22.413256
     -22.384079
     -22.235493
     -22.258717
     -22.432888
     -22.508373
     -22.398909
     -22.465305
     -22.545965
     -22.476242
     -22.329060
     -22.438702
     -22.417116
     -22.387466
     -22.326723
     -22.322540
     -22.475552
     -22.489845
     -22.580479
     -22.598749
     -22.419987
     -22.451338
     -22.437202
     -22.441135
     -22.519888
     -22.399122
     -22.623289
     -22.466093
     -22.460325
     -22.479027
     -22.750259
     -22.706131
     -22.643261
     -22.640905
     -22.582495
     -22.573614
     -22.531013
     -22.377443
     -22.392120
     -22.189314
     -22.363672
     -22.408703
     -22.420233
     -22.298227
     -22.459993
     -22.666927
     -22.522333
     -22.569996
     -22.463743
     -22.555737
     -22.590521
     -22.742159
     -22.739765
     -22.778612
     -22.749628
     -22.843287
     -22.805655
     -22.705553
     -22.493206
     -22.537752
     -22.625198
     -22.588703
     -22.713072
     -22.885063
     -22.816343
     -22.709526
     -22.743141
     -22.981932
     -22.923979
     -23.106722
     -22.969191
     -23.087200
     -23.200994
     -23.074659
     -23.170965
     -23.020376
     -23.071293
     -23.160337
     -23.108002
     -22.994522
     -23.158283
     -23.024258
     -22.919744
     -22.835358
     -22.940641
     -22.842951
     -22.949541
     -22.933720
     -22.967644
     -23.061657
     -23.049538
     -23.076014
     -23.163584
     -23.262302
     -23.001335
     -22.966091
     -22.969872
     -22.938940
     -23.154636
     -23.192572
     -23.378159
     -23.506968
     -23.101332
     -23.211910
     -23.375578
     -23.361614
     -23.398119
     -23.701441
     -23.696926
     -23.687609
     -23.658600
     -23.583681
     -23.653934
     -23.634525
     -23.502554
     -23.635267
     -23.555361
     -23.384644
     -23.614967
     -23.679504
     -23.781830
     -23.688711
     -23.781626
     -23.717873
     -23.793179
     -23.726225
     -23.756380
     -23.626261
     -23.632681
     -23.738682
     -23.817148
     -23.898090
     -23.922712
     -23.831877
     -23.964575
     -23.993208
     -23.989603
     -23.938251
     -24.021894
     -23.921438
     -24.132317
     -24.209141
     -24.180117
     -24.114603
     -24.092310
     -24.155678
     -24.130428
     -24.144604
     -24.286869
     -24.335253
     -24.442480
     -24.498503
     -24.469042
     -24.753103
     -24.824152
     -24.807085
     -24.684710
     -24.748968
     -24.645151
     -24.717100
     -24.763010
     -24.765415
     -24.765442
     -24.766466
     -24.840700
     -24.791853
     -24.657122
     -24.752392
     -24.795521
     -24.749510
     -24.908703
     -24.918217
     -25.004696
     -25.023634
     -25.162106
     -25.000088
     -25.163282
     -24.972229
     -24.980289
     -25.125156
     -25.064407
     -25.078966
     -25.121153
     -25.004688
     -25.139341
     -25.043581
     -25.059492
     -25.071245
     -25.001266
     -25.108805
     -25.186346
     -24.943815
     -24.838955
     -24.831141
     -24.925083
     -24.893946
     -24.800123
     -24.802588
     -24.903563
     -24.800474
     -24.857243
     -24.921482
     -25.045780
     -25.018244
     -24.977200
     -25.024647
     -25.041969
     -25.154575
     -25.150146
     -25.122644
     -24.913988
     -24.937508
     -25.007528
     -24.819818
     -25.007133
     -24.960741
     -24.811480
     -24.592108
     -24.544298
     -24.639637
     -24.694445
     -24.511879
     -24.522085
     -24.680815
     -24.664467
     -24.622221
     -24.791725
     -24.832581
     -24.856852
     -24.898655
     -24.882444
     -25.120056
     -25.154188
     -25.285931
     -25.282171
     -25.104839
     -25.146700
     -25.196196
     -25.154428
     -25.245773
     -25.151917
     -25.241310
     -24.921026
     -25.088161
     -24.997545
     -24.890329
     -24.965984
     -24.892691
     -24.938990
     -25.076889
     -24.916382
     -25.132723
