     -85.863922
     -86.620201
     -87.332344
     -88.007111
     -88.744362
     -89.439598
     -90.155167
     -90.669853
     -91.435303
     -91.948395
     -92.636711
     -93.383217
     -93.861633
     -94.518715
     -95.135513
     -95.615944
     -96.312263
     -96.945915
     -97.482544
     -98.196945
     -98.886658
     -99.375862
    -100.115501
    -100.724266
    -101.249725
    -101.805435
    -102.430496
    -102.897736
    -103.465843
    -104.211464
    -104.764771
    -105.382523
    -106.135399
    -106.745132
    -107.488640
    -107.875587
    -108.310928
    -108.966347
    -109.654266
    -110.003929
    -110.646973
    -111.266037
    -111.756561
    -112.253006
    -112.832817
    -113.472145
    -113.960892
    -114.489700
    -115.223236
    -115.676895
    -116.312622
    -116.932167
    -117.468842
    -118.042038
    -118.682243
    -119.173874
    -119.883591
    -120.344749
    -120.763702
    -121.391670
    -122.131218
    -122.650513
    -123.079575
    -123.505516
    -124.050056
    -124.708801
    -125.311859
    -125.848564
    -126.453918
    -127.098106
    -127.763275
    -128.349014
    -128.929459
    -129.354309
    -130.159256
    -130.706833
    -131.474136
    -132.003174
    -132.653549
    -133.163055
    -133.643616
    -134.181076
    -134.715912
    -135.093674
    -135.839401
    -136.474991
    -136.960541
    -137.372498
    -137.764084
    -138.341751
    -138.963699
    -139.552628
    -139.957520
    -140.368881
    -140.883316
    -141.372116
    -141.945786
    -142.499985
    -143.058868
    -143.359451
    -143.643036
    -143.888611
    -144.301788
    -144.607849
    -144.787933
    -144.908127
    -145.285660
    -145.503326
    -145.766464
    -145.996216
    -146.252823
    -146.505615
    -146.749939
    -147.028519
    -147.426453
    -147.575790
    -147.748764
    -148.143967
    -148.236557
    -148.453018
    -148.880066
    -149.043106
    -149.459183
    -149.720139
    -149.887238
    -150.319077
    -150.496582
    -150.741089
    -150.985855
    -151.221420
    -151.525909
    -151.798340
    -152.020676
    -152.345200
    -152.650909
    -152.850922
    -153.124283
    -153.198212
    -153.571960
    -153.945633
    -154.279251
    -154.494064
    -154.814621
    -155.197861
    -155.423187
    -155.670044
    -155.933609
    -156.352386
    -156.633820
    -157.066711
    -157.483505
    -157.705780
    -158.052658
    -158.409531
    -158.761551
    -158.995728
    -159.332520
    -159.726059
    -159.971481
    -160.090836
    -160.287369
    -160.560074
    -160.841904
    -161.234940
    -161.363525
    -161.720352
    -162.087509
    -162.354645
    -162.863129
    -163.144974
    -163.552429
    -163.766617
    -164.047333
    -164.283646
    -164.580338
    -165.067841
    -165.116776
    -165.258392
    -165.617523
    -165.806747
    -166.145859
    -166.438217
    -166.688629
    -167.029633
    -167.148560
    -167.477203
    -167.638382
    -167.987122
    -168.320938
    -168.438904
    -168.617889
    -169.002197
    -169.089813
    -169.387909
    -169.726059
    -170.020355
    -170.440659
    -170.670868
    -170.887177
    -171.154343
    -171.452789
    -171.666260
    -171.863251
    -172.176712
    -172.482178
    -172.831345
    -172.951416
    -173.247711
    -173.426193
    -173.488358
    -173.768860
    -173.903137
    -174.181305
    -174.431686
    -174.604004
    -174.860291
    -175.079742
    -175.451447
    -175.615051
    -175.794388
    -175.885391
    -176.233749
    -176.598907
    -176.768082
    -177.066498
    -177.329193
    -177.463547
    -177.729431
    -177.973892
    -178.155060
    -178.292877
    -178.594772
    -178.626129
    -178.852203
    -179.040878
    -179.293457
    -179.494888
    -179.764526
    -179.931763
    -180.269379
    -180.539169
    -180.807693
    -180.855820
    -181.137527
    -181.425735
    -181.685196
    -181.987137
    -182.063049
    -182.079178
    -182.402023
    -182.624619
    -182.831635
    -183.157837
    -183.392456
    -183.605835
    -183.771255
    -184.094269
    -184.387573
    -184.698822
    -184.836838
    -185.099121
    -185.157074
    -185.466064
    -185.734177
    -186.012222
    -186.107330
    -186.296021
    -186.496231
    -186.729065
    -186.939331
    -187.118484
    -187.298416
    -187.455658
    -187.774704
    -187.877090
    -188.294983
    -188.461456
    -188.756790
    -189.000977
    -189.112686
    -189.211578
    -189.319366
    -189.449341
    -189.739899
    -189.813644
    -190.062881
    -190.294342
    -190.533493
    -190.789444
    -190.890457
    -191.030685
    -191.186707
    -191.269684
    -191.546082
    -191.590530
    -191.860077
    -192.052734
    -192.236053
    -192.377899
    -192.555893
    -192.650726
    -192.878189
    -193.172104
    -193.267853
    -193.478088
    -193.631744
    -193.776581
    -194.011993
    -194.229950
    -194.407440
    -194.511429
    -194.640869
    -194.775421
    -194.919174
    -195.142166
    -195.348694
    -195.540787
    -195.728516
    -195.882431
    -196.043152
    -196.167297
    -196.456650
    -196.612823
    -196.904144
    -196.984482
    -197.040421
    -197.201797
    -197.422455
    -197.594406
    -197.809143
    -197.934692
    -197.973846
    -198.251587
    -198.479156
    -198.491791
    -198.677185
    -198.813126
    -198.836273
    -198.943832
    -199.043488
    -199.144928
    -199.270737
    -199.455215
    -199.667587
    -199.721008
    -199.851685
    -199.886765
    -199.932404
    -200.130722
    -200.257446
    -200.417191
    -200.548447
    -200.770645
    -200.872330
    -200.963989
    -201.090851
    -201.217422
    -201.305603
    -201.425293
    -201.593002
    -201.710403
    -201.766983
    -202.031677
    -202.150665
    -202.184860
    -202.369019
    -202.503998
    -202.609665
    -202.577652
    -202.780411
    -202.843765
    -203.175583
    -203.210571
    -203.358963
    -203.574417
    -203.661285
    -203.782349
    -203.968002
    -204.226974
    -204.334854
    -204.446060
    -204.533249
    -204.687088
    -204.698517
    -204.701187
    -204.895432
    -204.924255
    -205.075439
    -205.400345
    -205.507248
    -205.859848
    -205.915314
    -206.009842
    -206.075439
    -206.187469
    -206.318283
    -206.569382
    -206.711044
    -206.870239
    -207.076538
