     -58.579006
     -59.066128
     -59.371826
     -59.782597
     -60.297363
     -60.848846
     -61.142952
     -61.565777
     -62.051125
     -62.462872
     -63.085457
     -63.484631
     -63.893501
     -64.299393
     -64.756134
     -65.310516
     -65.775749
     -66.409264
     -66.755569
     -67.136139
     -67.529434
     -67.942169
     -68.495827
     -68.832642
     -69.227364
     -69.628288
     -69.895477
     -70.331535
     -70.864883
     -71.301544
     -71.820152
     -72.319107
     -72.609924
     -73.153549
     -73.389343
     -73.955307
     -74.269066
     -74.657722
     -75.076263
     -75.518204
     -75.981201
     -76.364342
     -76.792107
     -77.191010
     -77.682076
     -78.119965
     -78.432564
     -78.950630
     -79.264153
     -79.809746
     -80.069748
     -80.485992
     -80.975945
     -81.193405
     -81.499641
     -81.966927
     -82.190582
     -82.706268
     -83.178192
     -83.304329
     -83.661873
     -84.096519
     -84.284653
     -84.699661
     -85.115677
     -85.480438
     -85.835625
     -86.207909
     -86.458443
     -86.716667
     -87.195503
     -87.436157
     -87.752434
     -88.197716
     -88.611900
     -88.907356
     -89.281525
     -89.641853
     -90.069229
     -90.325684
     -90.808975
     -91.153427
     -91.608772
     -92.037315
     -92.342972
     -92.576363
     -93.080696
     -93.285049
     -93.608238
     -93.879631
     -94.101898
     -94.475288
     -94.706955
     -95.133133
     -95.599548
     -95.759369
     -96.145248
     -96.598877
     -96.755638
     -97.129501
     -97.429771
     -97.754921
     -98.057076
     -98.391930
     -98.640099
     -98.881546
     -99.303062
     -99.502853
     -99.741096
    -100.091095
    -100.118126
    -100.337921
    -100.415169
    -100.756966
    -101.133881
    -101.527557
    -101.829071
    -102.101768
    -102.336784
    -102.754654
    -103.018822
    -103.351189
    -103.734337
    -104.168900
    -104.570107
    -104.723206
    -105.050583
    -105.544495
    -105.809387
    -106.182899
    -106.570213
    -107.006790
    -107.303406
    -107.563171
    -107.713036
    -107.956329
    -107.995979
    -108.438599
    -108.816071
    -109.081673
    -109.369202
    -109.676117
    -109.929741
    -110.271416
    -110.650429
    -111.064339
    -111.478912
    -111.850441
    -112.168564
    -112.469032
    -112.764534
    -113.159103
    -113.472122
    -113.898346
    -114.132889
    -114.443916
    -114.658180
    -114.938774
    -115.352539
    -115.505272
    -115.560547
    -115.865761
    -116.111107
    -116.260994
    -116.623573
    -116.988441
    -117.270699
    -117.536285
    -117.800652
    -118.046906
    -118.181114
    -118.528793
    -118.754082
    -118.981964
    -119.356369
    -119.751335
    -119.855278
    -120.098824
    -120.208588
    -120.551498
    -120.772911
    -120.914871
    -121.356911
    -121.695473
    -121.969086
    -122.097252
    -122.336006
    -122.565300
    -122.765251
    -122.861130
    -122.912308
    -123.147697
    -123.451057
    -123.541527
    -123.826767
    -124.102936
    -124.278366
    -124.658691
    -124.876480
    -125.305786
    -125.575577
    -125.684280
    -125.939766
    -126.100136
    -126.301712
    -126.495689
    -126.791985
    -127.092804
    -127.484146
    -127.539268
    -127.806526
    -127.909683
    -128.208359
    -128.525787
    -128.762207
    -129.007034
    -129.228561
    -129.401016
    -129.658447
    -129.922729
    -130.210526
    -130.491028
    -130.781418
    -131.118942
    -131.370346
    -131.585953
    -131.983810
    -132.156830
    -132.481216
    -132.495758
    -132.804611
    -133.082260
    -133.118073
    -133.376495
    -133.867737
    -134.013290
    -134.397797
    -134.409698
    -134.718155
    -134.889771
    -135.112350
    -135.306763
    -135.623169
    -135.983139
    -136.026184
    -136.229553
    -136.422226
    -136.605804
    -136.848618
    -137.159897
    -137.458054
    -137.462784
    -137.780273
    -137.968231
    -138.031082
    -138.393936
    -138.665100
    -138.885742
    -139.078186
    -139.230637
    -139.419449
    -139.585831
    -139.737045
    -140.022232
    -140.328690
    -140.660767
    -140.801727
    -140.969116
    -141.020248
    -141.372437
    -141.614197
    -141.743454
    -142.209396
    -142.378281
    -142.688232
    -143.020523
    -143.159286
    -143.376694
    -143.596603
    -143.780090
    -143.917618
    -144.219589
    -144.343735
    -144.654541
    -144.770325
    -144.985809
    -145.249664
    -145.474136
    -145.614960
    -145.883743
    -146.111649
    -146.271729
    -146.420624
    -146.677124
    -146.841217
    -147.058960
    -147.446045
    -147.702423
    -147.953094
    -148.046249
    -148.312836
    -148.609985
    -148.855820
    -149.167770
    -149.331238
    -149.603439
    -149.769150
    -150.159622
    -150.306946
    -150.354462
    -150.737778
    -151.148819
    -151.399719
    -151.681732
    -151.865677
    -152.096817
    -152.507645
    -152.620926
    -152.862961
    -153.163162
    -153.505112
    -153.691345
    -154.033173
    -154.412903
    -154.738831
    -154.804871
    -154.926834
    -155.125015
    -155.224243
    -155.423630
    -155.798340
    -155.871719
    -156.147247
    -156.171555
    -156.473969
    -156.632156
    -156.895050
    -157.085876
    -157.383530
    -157.558975
    -157.874619
    -157.920944
    -158.209488
    -158.337296
    -158.516769
    -158.712784
    -158.844330
    -159.122498
    -159.390213
    -159.397247
    -159.718338
    -159.917404
    -160.230438
    -160.338318
    -160.485886
    -160.679672
    -160.820755
    -161.238098
    -161.282745
    -161.318314
    -161.731339
    -162.000854
    -162.102432
    -162.333267
    -162.396744
    -162.630219
    -162.862595
    -163.139603
    -163.248245
    -163.499146
    -163.591537
    -163.595230
    -163.663589
    -163.784119
    -164.169739
    -164.393295
    -164.476273
    -164.719910
    -164.775208
    -164.901688
    -165.229324
    -165.460693
    -165.513428
    -165.761185
    -165.917160
    -165.959869
    -166.135147
    -166.278381
    -166.430969
    -166.607224
    -166.712540
    -166.917038
    -167.110626
    -167.328262
    -167.326172
    -167.644470
    -167.723114
    -167.777176
    -168.017288
    -168.093628
    -168.185059
    -168.371613
    -168.449020
    -168.656830
    -168.880737
    -168.957001
    -169.139694
    -169.333664
    -169.514893
    -169.633881
    -169.796249
    -169.992172
    -170.116257
    -170.173569
    -170.287125
    -170.299683
    -170.394287
    -170.558792
    -170.865570
    -170.989700
    -171.307892
    -171.536362
    -171.631683
    -172.024094
    -172.193649
    -172.415115
    -172.492950
    -172.718063
    -172.717270
    -172.793961
