     -70.932655
     -71.239151
     -71.661316
     -72.165924
     -72.554474
     -72.922821
     -73.405396
     -73.789795
     -74.316803
     -74.759735
     -74.977425
     -75.506256
     -75.933670
     -76.305840
     -76.612030
     -76.910896
     -77.352951
     -77.829079
     -78.257919
     -78.621574
     -79.096413
     -79.535355
     -79.935959
     -80.066406
     -80.482491
     -80.794136
     -81.188538
     -81.622818
     -82.052414
     -82.463287
     -82.664383
     -83.112724
     -83.771606
     -84.226952
     -84.800346
     -85.051712
     -85.188400
     -85.552261
     -85.997391
     -86.348862
     -86.847038
     -87.003044
     -87.491440
     -87.785324
     -88.109856
     -88.509346
     -88.890770
     -89.382126
     -89.743813
     -89.938354
     -90.248314
     -90.502190
     -90.928391
     -91.165283
     -91.456650
     -91.938972
     -92.410034
     -92.634323
     -93.110207
     -93.487480
     -93.878891
     -94.202301
     -94.553139
     -94.754494
     -95.002945
     -95.438171
     -95.644859
     -96.161530
     -96.530334
     -96.855873
     -97.057991
     -97.380745
     -97.654701
     -98.065018
     -98.481041
     -98.819183
     -99.095085
     -99.406319
     -99.672623
    -100.009003
    -100.358917
    -100.451820
    -100.761131
    -101.238312
    -101.470734
    -101.895767
    -102.114426
    -102.443710
    -102.770248
    -103.177612
    -103.330490
    -103.871376
    -104.128273
    -104.547394
    -104.789558
    -105.040771
    -105.506004
    -105.913063
    -106.200699
    -106.605827
    -106.919762
    -107.270271
    -107.528305
    -107.763702
    -108.106026
    -108.372490
    -108.587296
    -108.887756
    -109.187218
    -109.613007
    -109.817108
    -110.021950
    -110.437119
    -110.864349
    -111.115639
    -111.292374
    -111.586952
    -112.149101
    -112.428596
    -112.780739
    -112.993538
    -113.413666
    -113.810600
    -114.236916
    -114.629517
    -114.900513
    -115.222328
    -115.579811
    -115.892189
    -116.090927
    -116.381927
    -116.676979
    -117.127831
    -117.516365
    -117.804085
    -118.086937
    -118.409096
    -118.792923
    -119.325569
    -119.625908
    -120.084846
    -120.287422
    -120.509338
    -120.884140
    -121.273132
    -121.583832
    -122.020721
    -122.348015
    -122.539513
    -122.745544
    -123.039581
    -123.315529
    -123.737358
    -124.049881
    -124.438362
    -124.535545
    -124.926567
    -125.297272
    -125.831017
    -125.973778
    -126.291084
    -126.467682
    -126.822525
    -127.309929
    -127.484886
    -127.965500
    -128.159058
    -128.524536
    -128.830673
    -129.129059
    -129.648773
    -129.813690
    -130.010315
    -130.432281
    -130.567657
    -130.960876
    -131.098099
    -131.425827
    -131.741745
    -131.873230
    -132.234634
    -132.454407
    -132.676331
    -133.120544
    -133.318344
    -133.614334
    -133.950943
    -134.254196
    -134.431839
    -134.580765
    -134.907120
    -135.050507
    -135.481827
    -135.670364
    -135.898819
    -136.125351
    -136.475449
    -136.722824
    -136.947464
    -137.287766
    -137.604004
    -137.865646
    -138.099319
    -138.291153
    -138.549194
    -138.693008
    -138.836761
    -139.200943
    -139.274109
    -139.469696
    -139.797562
    -140.032486
    -140.286606
    -140.588486
    -140.941925
    -141.265457
    -141.694046
    -142.047546
    -142.352737
    -142.632111
    -142.912155
    -143.220032
    -143.366196
    -143.845993
    -143.957687
    -144.239380
    -144.507797
    -144.723160
    -145.016251
    -145.285522
    -145.540054
    -145.761353
    -145.931290
    -146.271255
    -146.587021
    -146.753860
    -147.015686
    -147.461121
    -147.637711
    -147.911209
    -148.138351
    -148.431534
    -148.678284
    -148.863312
    -149.079926
    -149.416336
    -149.600571
    -149.980301
    -150.317261
    -150.382980
    -150.663574
    -150.756927
    -151.106277
    -151.225464
    -151.495407
    -151.592194
    -151.918243
    -152.245956
    -152.409714
    -152.787872
    -152.926025
    -153.272491
    -153.517685
    -153.773972
    -153.958664
    -154.064041
    -154.434845
    -154.460556
    -154.870300
    -155.076157
    -155.315109
    -155.475784
    -155.634857
    -155.805496
    -156.158157
    -156.511047
    -156.695282
    -156.930206
    -157.229980
    -157.487213
    -157.771759
    -157.976791
    -158.095093
    -158.375137
    -158.802689
    -159.114731
    -159.317184
    -159.640732
    -159.716232
    -160.021042
    -160.271515
    -160.510544
    -160.689392
    -160.934341
    -161.167908
    -161.412750
    -161.469208
    -161.856171
    -161.917953
    -162.180496
    -162.325745
    -162.600891
    -163.013397
    -163.126755
    -163.273529
    -163.435608
    -163.522491
    -163.715805
    -163.954666
    -164.113052
    -164.211517
    -164.484467
    -164.890259
    -165.068085
    -165.298355
    -165.659973
    -165.823669
    -166.081879
    -166.359283
    -166.553787
    -166.851837
    -167.098450
    -167.205826
    -167.377899
    -167.583176
    -167.889618
    -168.024536
    -168.151672
    -168.437042
    -168.481064
