      -6.736634
      -6.789613
      -6.852617
      -7.063667
      -7.147767
      -7.287426
      -7.307917
      -7.569141
      -7.376145
      -7.469831
      -7.303554
      -7.527312
      -7.502056
      -7.372402
      -7.593818
      -7.756766
      -7.770504
      -7.839747
      -7.960577
      -8.059769
      -8.051577
      -8.051224
      -8.154822
      -8.312416
      -8.345393
      -8.264093
      -8.364529
      -8.367040
      -8.376977
      -8.335194
      -8.248146
      -8.257536
      -8.235733
      -8.321907
      -8.408905
      -8.482890
      -8.456264
      -8.532817
      -8.531887
      -8.496964
      -8.388945
      -8.376072
      -8.515581
      -8.600127
      -8.528687
      -8.592815
      -8.595287
      -8.760282
      -8.917048
      -8.846632
      -8.832850
      -8.786180
      -8.817183
      -8.782779
      -9.013460
      -9.045178
      -9.064612
      -9.056300
      -9.033686
      -8.926959
      -8.939347
      -8.996146
      -8.945881
      -9.111068
      -9.298673
      -9.294344
      -9.430370
      -9.417076
      -9.453008
      -9.356254
      -9.443170
      -9.531674
      -9.623975
      -9.403992
      -9.565759
      -9.704355
      -9.807544
      -9.637679
      -9.575074
      -9.492580
      -9.658728
      -9.521569
      -9.591413
      -9.465305
      -9.317513
      -9.347771
      -9.506069
      -9.453072
      -9.528865
      -9.567032
      -9.541188
      -9.598394
      -9.621464
      -9.603823
      -9.719179
      -9.849029
      -9.799131
      -9.837152
      -9.833619
      -9.988604
     -10.092497
     -10.008973
     -10.067145
     -10.025907
     -10.153434
     -10.351106
     -10.210845
     -10.502613
     -10.348055
     -10.407420
     -10.491641
     -10.528187
     -10.535977
     -10.640725
     -10.855648
     -10.763740
     -10.766992
     -10.770885
     -10.784758
     -10.853059
     -10.623929
     -10.705212
     -10.700289
     -10.747870
     -10.832539
     -10.797956
     -10.839619
     -10.820833
     -10.884509
     -10.837439
     -11.043453
     -11.003078
     -11.059868
     -10.991199
     -11.027266
     -11.012346
     -11.033098
     -10.947368
     -11.101136
     -10.995207
     -10.969628
     -10.958531
     -10.884758
     -11.220149
     -11.177499
     -11.178396
     -11.215096
     -11.326236
     -11.331268
     -11.234060
     -11.279963
     -11.418829
     -11.505062
     -11.554036
     -11.413504
     -11.369947
     -11.437228
     -11.408049
     -11.444181
     -11.453822
     -11.547862
     -11.462917
     -11.501225
     -11.298607
     -11.353436
     -11.303698
     -11.306931
     -11.336168
     -11.704151
     -11.692297
     -11.815254
     -12.044829
     -11.966746
     -11.976327
     -11.974297
     -12.043649
     -12.247561
     -12.395191
     -12.362958
     -12.459296
     -12.541793
     -12.402996
     -12.385006
     -12.337482
     -12.219061
     -12.252874
     -12.179598
     -12.013893
     -12.240108
     -12.063644
     -12.023657
     -11.957816
     -12.004937
     -12.113650
     -12.111345
     -12.024765
     -12.195973
     -12.166547
     -12.212154
     -12.301909
     -12.471048
     -12.376462
     -12.486824
     -12.548655
     -12.541785
     -12.481527
     -12.470330
     -12.413713
     -12.303312
     -12.336297
     -12.279422
     -12.323950
     -12.203674
     -12.306705
     -12.114979
     -12.240168
     -12.196873
     -12.095552
     -12.212707
     -12.257522
     -12.271115
     -12.157065
     -12.200746
     -12.195284
     -12.051607
     -12.196841
     -12.255933
     -12.181554
     -12.148296
     -12.212125
     -12.212911
     -12.198001
     -12.264121
     -12.361485
     -12.434833
     -12.529179
     -12.301819
     -12.313853
     -12.299045
     -12.324395
     -12.373320
     -12.433581
     -12.513411
     -12.595133
     -12.623562
     -12.755835
     -12.735909
     -12.752860
     -12.845469
     -12.907129
     -12.955827
     -13.162082
     -13.258980
     -13.254647
     -13.299376
     -13.347872
     -13.385997
     -13.590119
     -13.647685
     -13.837375
     -13.846562
     -13.814144
     -14.027968
     -13.865309
     -14.040463
     -14.179420
     -14.096334
     -14.136937
     -14.116388
     -14.065022
     -14.114259
     -14.121779
     -14.074947
     -14.041210
     -14.091734
     -14.243597
     -14.268490
     -14.261315
     -14.382539
     -14.373659
     -14.355762
     -14.435235
     -14.299740
     -14.301743
     -14.273671
     -14.385111
     -14.381736
     -14.491318
     -14.447633
     -14.534124
     -14.607909
     -14.526619
     -14.588221
     -14.651330
     -14.689455
     -14.556421
     -14.717554
     -14.663617
     -14.801365
     -14.776792
     -15.043755
     -14.980325
     -15.074922
     -15.033201
     -15.147686
     -15.211152
     -15.141050
     -15.015031
     -14.894639
     -14.826838
     -14.665360
     -14.713591
     -14.630965
     -14.592387
     -14.660218
     -14.782835
     -14.780846
     -14.856507
     -14.746249
     -14.800446
     -14.807424
     -14.786989
     -14.973188
     -14.863861
     -14.925469
     -14.873143
     -14.802633
     -15.021803
     -15.005353
     -14.892229
     -14.991989
     -14.817199
     -14.675399
     -14.623466
     -14.517864
     -14.611153
     -14.529344
     -14.469676
     -14.480731
     -14.753809
     -14.825755
     -14.851735
     -15.028867
     -15.022915
     -15.133810
     -15.028601
     -14.878695
     -14.865062
     -15.028846
     -14.893838
     -15.061900
     -15.233784
     -15.056876
     -14.930222
     -14.980488
     -15.032633
     -15.086217
     -15.061392
     -14.986500
     -14.818043
     -14.795596
     -14.895203
     -14.905130
     -15.062052
     -15.141004
     -15.153301
     -15.051866
     -15.106447
     -15.116699
     -15.023184
     -14.971767
     -14.944055
     -14.982143
     -14.973813
     -15.016687
     -14.722741
     -14.806852
     -14.971875
     -14.934082
     -15.051641
     -15.116545
     -15.064470
     -15.163696
     -15.275241
     -15.214309
     -15.129613
     -15.177888
     -15.289909
     -15.215808
     -15.319630
     -15.203188
     -15.121244
     -15.028073
     -15.145338
     -15.007216
     -15.105338
     -15.121773
     -15.062677
     -15.071926
     -15.225555
     -15.218709
     -15.077950
     -15.011063
     -15.087969
     -15.132791
     -15.071383
     -15.238164
     -15.242456
     -15.313404
     -15.308207
     -15.329572
     -15.164624
     -15.172002
     -15.305046
     -15.366823
     -15.354096
     -15.291389
     -15.328040
     -15.239593
     -15.318676
     -15.189673
     -15.184952
     -15.165001
     -15.234961
     -15.245071
     -15.231918
     -15.236761
     -15.121969
     -15.125727
     -15.160391
     -15.365201
     -15.191161
     -15.147182
     -15.123334
     -15.095273
     -14.928323
     -15.055353
     -14.987960
     -14.920964
     -14.841515
     -14.840362
     -14.884507
     -14.781772
     -14.583050
     -14.857779
     -14.856191
     -14.718180
     -14.650611
     -14.730588
     -14.699742
     -14.725499
     -14.870685
     -14.684208
     -14.611346
     -14.541922
     -14.687786
     -14.566021
     -14.590622
     -14.466355
     -14.562997
     -14.617275
     -14.901505
     -14.978902
     -14.964409
     -14.847174
     -14.730774
     -14.790573
     -14.830177
     -14.911627
     -14.935418
     -15.028917
     -14.971570
     -15.024295
     -14.951365
     -14.769676
     -14.851121
     -14.906600
     -14.987684
     -14.917500
     -14.901410
     -15.037345
     -14.980616
     -14.958284
     -14.992124
     -14.909467
     -14.862476
     -14.972396
     -14.990747
     -14.918412
     -15.025836
     -14.708273
     -14.802678
     -14.855161
     -14.758494
     -14.645276
     -14.686057
     -14.547406
     -14.678755
     -14.509186
     -14.704299
     -14.518859
     -14.500037
     -14.532125
     -14.626125
     -14.779129
     -14.783132
     -14.754483
     -14.889359
     -14.968915
     -14.874313
     -14.782349
     -14.762914
     -14.565251
     -14.582974
     -14.584064
     -14.729636
     -14.715994
     -14.998302
     -15.087135
     -15.053820
     -15.141641
     -15.113219
     -15.060424
     -15.083477
     -15.151043
     -15.108863
     -15.253876
     -15.103910
     -15.116796
     -14.993027
     -14.998752
     -15.024297
     -15.096058
     -15.154007
     -15.261252
     -15.202309
     -15.202220
     -15.272457
     -15.084141
     -15.000564
     -14.930118
     -15.043412
     -14.910111
     -14.946381
     -15.023751
     -15.051570
     -14.976251
     -15.044055
     -14.866964
     -14.909409
     -14.880433
     -14.981133
     -15.232667
     -15.081131
     -15.119146
     -15.033240
     -15.021527
     -14.898156
     -14.962596
     -14.765450
     -14.978794
     -14.946066
     -14.823215
     -14.763276
     -14.729188
     -14.838964
     -14.872486
     -14.751817
     -14.804406
     -14.696070
     -14.781087
     -14.791694
     -14.628633
     -14.631051
     -14.665160
     -14.794220
     -14.851299
     -14.854239
     -14.889009
     -15.012018
     -15.040938
     -15.141696
     -15.080544
     -15.021226
     -15.018126
     -14.981527
     -15.072236
     -15.242156
     -14.959525
     -15.002748
     -15.003531
     -15.185583
     -15.155252
     -15.271694
     -15.260935
     -15.244477
     -15.231970
     -15.466237
     -15.472519
     -15.514997
     -15.512022
     -15.466372
     -15.436529
     -15.444203
     -15.437777
     -15.423923
     -15.437738
     -15.169273
     -15.146235
     -14.943544
     -14.905262
     -14.927111
     -14.929722
     -15.072559
     -15.086728
     -15.190310
     -15.155577
     -14.998238
     -15.105626
     -15.191598
     -15.089393
     -14.994576
     -14.946033
     -15.205838
     -14.963609
     -14.896404
     -14.773183
     -14.918565
     -14.839154
     -14.826578
     -14.964026
     -14.881763
     -15.000752
     -15.037146
     -14.974506
     -14.932144
     -14.760264
     -14.861046
     -14.713593
     -14.642032
