      -0.677433
      -0.517446
      -0.559418
      -0.778096
      -0.850031
      -0.854473
      -0.897936
      -0.591969
      -0.550043
      -0.636225
      -0.571942
      -0.524767
      -0.459311
      -0.407854
      -0.511196
      -0.538094
      -0.505580
      -0.440314
      -0.529718
      -0.598263
      -0.721283
      -0.801098
      -0.806625
      -0.767149
      -0.680971
      -0.735795
      -0.842796
      -0.885347
      -0.739783
      -0.896562
      -0.982677
      -1.047027
      -1.048534
      -1.070849
      -0.962953
      -0.941914
      -0.878120
      -0.980574
      -1.094431
      -1.070375
      -0.986534
      -0.825697
      -0.885045
      -0.994820
      -0.876204
      -0.971058
      -0.979818
      -1.064806
      -1.088169
      -1.245075
      -1.077627
      -1.217906
      -1.214533
      -1.324041
      -1.258296
      -1.323712
      -1.385266
      -1.378213
      -1.356293
      -1.444816
      -1.414278
      -1.442503
      -1.582073
      -1.384878
      -1.413601
      -1.363758
      -1.447439
      -1.564504
      -1.505306
      -1.482035
      -1.610759
      -1.453632
      -1.506348
      -1.612657
      -1.469834
      -1.461635
      -1.261340
      -1.468314
      -1.542573
      -1.405577
      -1.376172
      -1.538997
      -1.371922
      -1.429290
      -1.421601
      -1.516716
      -1.444287
      -1.336884
      -1.267216
      -1.281866
      -1.247639
      -1.299619
      -1.317257
      -1.219650
      -1.170052
      -1.148249
      -1.117635
      -1.109466
      -1.021828
      -1.025748
      -1.161016
      -1.014333
      -1.060498
      -1.222802
      -1.102112
      -1.073728
      -1.193902
      -1.327089
      -1.317913
      -1.369522
      -1.118606
      -1.208553
      -1.140416
      -1.115041
      -1.111797
      -1.079949
      -1.131221
      -0.950817
      -0.925260
      -1.055969
      -1.102295
      -1.149523
      -1.254127
      -1.439514
      -1.485380
      -1.598957
      -1.504504
      -1.533474
      -1.584738
      -1.691170
      -1.853551
      -1.938016
      -1.917134
      -1.767772
      -1.858157
      -1.766365
      -1.678679
      -1.610271
      -1.631839
      -1.550630
      -1.677867
      -1.678734
      -1.590069
      -1.547387
      -1.616175
      -1.594490
      -1.634589
      -1.634799
      -1.519943
      -1.542897
      -1.517425
      -1.409774
      -1.461691
      -1.342555
      -1.366232
      -1.316104
      -1.276567
      -1.576695
      -1.527163
      -1.758559
      -1.877506
      -1.667186
      -1.598400
      -1.702576
      -1.636728
      -1.707908
      -1.701382
      -1.640093
      -1.680718
      -1.626508
      -1.533953
      -1.476488
      -1.422948
      -1.350824
      -1.364585
      -1.415507
      -1.207153
      -1.271577
      -1.366068
      -1.102426
      -1.168333
      -1.285892
      -1.209256
      -1.518859
      -1.372242
      -1.558088
      -1.566602
      -1.603426
      -1.783699
      -1.580720
      -1.642396
      -1.559237
      -1.493148
      -1.480520
      -1.411382
      -1.526562
      -1.633237
      -1.422688
      -1.471775
      -1.389824
      -1.434775
      -1.259321
      -1.274783
      -1.148710
      -1.099407
      -1.132264
      -1.096322
      -0.896616
      -0.993034
      -0.991114
      -1.014686
      -0.932389
      -0.985874
      -0.971821
      -0.895907
      -0.838529
      -0.838059
      -0.935519
      -1.028412
      -1.058618
      -0.904724
      -1.013535
      -0.975074
      -1.040821
      -1.158805
      -1.185190
      -1.181849
      -1.240837
      -1.372318
      -1.464136
      -1.417537
      -1.505826
      -1.639923
      -1.586881
      -1.664550
      -1.495734
      -1.368893
      -1.424288
      -1.420031
      -1.533641
      -1.542856
      -1.487335
      -1.679962
      -1.647646
      -1.674438
      -1.761114
      -1.639518
      -1.745163
      -1.649488
      -1.554649
      -1.899742
      -2.029724
      -2.154872
      -2.194643
      -2.195559
      -2.310669
      -2.485911
      -2.668176
      -2.822764
      -2.790931
      -2.737220
      -2.880082
      -2.949002
      -3.073447
      -3.126078
      -2.924531
      -2.705235
      -2.614733
      -2.677348
      -2.847028
      -2.863646
      -2.719955
      -2.882721
      -2.890586
      -2.838403
      -2.872524
      -2.643459
      -2.614326
      -2.697728
      -2.816652
      -2.809837
      -2.913630
      -2.982742
      -3.006592
      -3.117748
      -3.010267
      -2.963590
      -2.853150
      -3.106322
      -3.079988
      -3.168612
      -3.176127
      -3.005408
      -2.999231
      -3.055098
      -3.127620
      -3.079762
      -3.047081
      -3.147344
      -3.126492
      -3.185668
      -3.259008
      -3.277403
      -3.196703
      -3.174190
      -3.141621
      -3.172930
      -3.313361
      -3.211369
      -3.181336
      -3.177770
      -3.204840
      -3.240663
      -3.144458
      -3.326893
      -3.210159
      -3.235468
      -3.223358
      -3.119567
      -3.174814
      -3.245296
      -3.206242
      -3.331698
      -3.192511
      -3.192111
      -3.149261
      -3.185100
      -3.201698
      -3.411973
      -3.250969
      -3.317761
      -3.144857
      -3.337392
      -3.332493
      -3.414532
      -3.310004
      -3.328961
      -3.233415
      -3.270232
      -3.152560
