     -39.930069
     -40.223206
     -40.454281
     -40.674950
     -40.837185
     -41.169456
     -41.497826
     -41.642014
     -41.949184
     -42.357994
     -42.739559
     -42.792385
     -43.211029
     -43.646473
     -43.992233
     -44.223557
     -44.460575
     -44.812267
     -44.908627
     -45.411015
     -45.598206
     -45.868557
     -46.230698
     -46.599480
     -46.936951
     -47.104324
     -47.339020
     -47.601879
     -47.846962
     -48.114063
     -48.663631
     -48.922386
     -49.223099
     -49.621582
     -49.856960
     -50.201962
     -50.469090
     -50.525787
     -50.646450
     -50.844063
     -51.135601
     -51.566063
     -51.894333
     -51.976353
     -52.228333
     -52.399452
     -52.613525
     -52.859814
     -53.190529
     -53.451080
     -53.649681
     -53.916016
     -54.235035
     -54.472504
     -54.870975
     -55.097099
     -55.383797
     -55.784801
     -55.923550
     -56.168098
     -56.366337
     -56.825047
     -56.926903
     -57.248951
     -57.665676
     -57.912075
     -58.257889
     -58.465488
     -58.752178
     -59.013035
     -59.381596
     -59.572914
     -59.821774
     -60.144077
     -60.538033
     -60.737049
     -61.046955
     -61.379780
     -61.509636
     -61.866562
     -62.032421
     -62.249706
     -62.524166
     -62.881420
     -63.187168
     -63.406273
     -63.631516
     -63.790459
     -64.131615
     -64.234329
     -64.438095
     -64.719490
     -65.192200
     -65.283546
     -65.481354
     -65.656654
     -65.935974
     -66.092613
     -66.365013
     -66.592102
     -66.702705
     -66.945915
     -67.175545
     -67.379959
     -67.580177
     -67.729996
     -68.030777
     -68.311852
     -68.500099
     -68.537560
     -68.922409
     -69.042603
     -69.249275
     -69.567665
     -69.815750
     -70.062782
     -70.377419
     -70.508049
     -70.774902
     -71.093063
     -71.175804
     -71.353500
     -71.312569
     -71.567032
     -71.537712
     -71.906258
     -72.215668
     -72.192543
     -72.457039
     -72.648880
     -72.657341
     -72.900742
     -73.265640
     -73.394547
     -73.553574
     -73.888443
     -74.075539
     -74.258064
     -74.475945
     -74.415337
     -74.773605
     -74.963104
     -75.120598
     -75.272781
     -75.606056
     -75.655914
     -75.876640
     -76.099915
     -76.451279
     -76.632156
     -76.860909
     -76.940247
     -76.866478
     -77.036835
     -77.089485
     -77.146347
     -77.354927
     -77.518326
     -77.521683
     -77.724571
     -77.879547
     -78.220665
     -78.212975
     -78.568741
     -78.626389
     -78.629730
     -78.874413
     -78.915718
     -79.067581
     -79.216217
     -79.282654
     -79.619164
     -79.754707
     -79.945442
     -80.230949
     -80.305099
     -80.442184
     -80.566429
     -80.623665
     -80.671783
     -81.038422
     -81.187576
     -81.248749
     -81.253998
     -81.448021
     -81.612114
     -81.819061
     -82.021072
     -82.204659
     -82.424774
     -82.473785
     -82.672340
     -82.675438
     -82.717621
     -82.848473
     -82.977837
     -83.080566
     -83.097946
     -83.267281
     -83.323441
     -83.485352
     -83.494827
     -83.648506
     -83.727814
     -83.761818
     -84.079506
     -84.190651
     -84.263954
     -84.578110
     -84.658501
     -84.735748
     -84.869751
     -84.917137
     -85.186241
     -85.008873
     -85.272736
     -85.281303
     -85.499985
     -85.667999
     -85.838577
     -86.020805
     -85.960968
     -86.313438
     -86.304031
     -86.444298
     -86.714767
     -87.017128
     -86.882660
     -87.125778
     -87.263222
     -87.149849
     -87.229851
     -87.231262
     -87.142517
     -87.381149
     -87.496193
     -87.691681
     -88.020363
     -87.993034
     -88.052483
     -88.070480
     -88.164879
     -88.346931
     -88.623344
     -88.775070
     -88.773964
     -88.946320
     -89.057304
     -89.306892
     -89.596939
     -89.499329
     -89.699860
     -89.822662
     -89.838562
     -90.001137
     -90.066551
     -90.146233
     -90.233131
     -90.331993
     -90.620338
     -90.698151
     -90.831459
     -90.851532
     -91.063499
     -91.189331
     -91.354492
     -91.574120
     -91.732162
     -91.778580
     -91.844978
     -91.988396
     -92.014328
     -92.028702
     -92.136650
     -92.267998
     -92.196747
     -92.249893
     -92.519196
     -92.447899
     -92.684029
     -92.771233
     -92.786789
     -93.018036
     -92.994202
     -93.059547
     -93.120270
     -93.302109
     -93.382584
     -93.328888
     -93.494385
     -93.462524
     -93.601624
     -93.830185
     -94.106201
     -94.184669
     -94.287727
     -94.559700
     -94.637764
     -94.732651
     -94.887489
     -95.016510
     -95.109245
     -95.238876
     -95.292526
     -95.367027
     -95.440529
     -95.447929
     -95.562103
     -95.559784
     -95.723427
     -95.656235
     -95.755737
     -95.971001
     -96.084106
     -96.275452
     -96.261276
     -96.344749
     -96.401817
     -96.395424
     -96.416885
     -96.709213
     -96.753365
     -96.863472
     -97.055016
     -97.322937
     -97.233505
     -97.386917
     -97.458267
     -97.558594
     -97.643135
     -97.528587
     -97.681107
     -97.680023
     -97.693184
     -97.714035
     -97.771622
     -97.876816
     -97.927246
     -98.063774
     -98.303864
     -98.248993
     -98.481880
     -98.566177
     -98.627640
     -98.732330
     -98.886978
     -99.073006
     -99.083153
     -99.170723
     -99.373436
     -99.508713
     -99.534447
     -99.758675
     -99.820076
    -100.214180
    -100.320557
    -100.280411
    -100.388489
    -100.392265
    -100.513542
    -100.743347
    -100.644112
    -100.577805
    -100.548294
    -100.666664
    -100.594696
    -100.817307
    -100.907631
    -101.081978
    -101.297760
    -101.310577
    -101.371864
    -101.453125
    -101.446373
    -101.708420
    -101.828987
    -101.788223
    -101.865814
    -102.126656
    -102.262558
    -102.450813
    -102.450897
    -102.519943
    -102.594765
    -102.676598
    -102.778358
    -102.839935
    -103.014908
    -103.064514
    -103.279694
    -103.384415
    -103.512268
    -103.494698
    -103.459671
    -103.487595
    -103.491531
    -103.719215
    -103.653961
    -103.795853
    -104.099983
    -104.215912
    -104.268875
    -104.484245
    -104.596199
    -104.630394
    -104.749130
    -104.871216
    -104.870064
    -104.939224
    -105.022903
    -105.198814
    -105.330391
    -105.313904
    -105.421814
    -105.615524
    -105.744797
    -105.856308
    -105.909081
    -105.897812
    -106.057358
    -106.118553
    -106.038338
    -106.207687
    -106.257339
    -106.458832
    -106.437462
    -106.535294
    -106.606102
    -106.572998
    -106.739304
    -106.808823
    -106.908707
    -106.802109
    -106.711388
    -106.828178
    -106.843781
    -106.846733
    -107.084015
    -106.946922
    -106.880608
    -107.009918
    -107.104050
    -107.157051
    -107.305656
    -107.311165
    -107.388206
    -107.619453
    -107.689812
    -107.862343
    -107.963547
    -107.975578
    -108.025650
    -108.082497
    -108.054642
    -108.174179
    -108.170944
    -108.204842
    -108.402809
    -108.543419
    -108.668930
    -108.558937
    -108.601952
    -108.599594
    -108.646477
    -108.613998
    -108.726692
    -108.903534
    -109.014633
    -109.039688
    -109.068932
    -109.312851
    -109.455734
    -109.385300
    -109.542809
    -109.718971
    -109.671173
    -109.855354
    -110.012383
    -110.235779
    -110.135658
    -110.474846
    -110.472198
    -110.437874
    -110.416206
    -110.636246
    -110.700691
    -110.490578
    -110.606934
    -110.877991
    -111.004646
    -111.079079
    -111.231979
    -111.293716
    -111.424393
    -111.364792
    -111.501007
    -111.616112
    -111.810722
    -111.992477
    -112.132339
    -112.180695
    -112.087990
    -112.364700
    -112.261253
    -112.515869
    -112.520508
    -112.577728
    -112.695923
    -112.798950
    -112.750481
    -112.917336
    -112.845558
    -113.020241
    -113.117912
    -113.175064
    -113.311066
    -113.393845
    -113.514153
    -113.759583
    -113.918320
    -113.806961
    -113.973557
    -114.081253
    -114.017578
    -114.139946
    -114.129623
    -114.156395
    -114.139030
    -114.475121
    -114.422249
    -114.662529
    -114.681046
    -114.789833
    -114.842491
    -114.825531
    -114.948853
    -115.141418
    -115.321465
    -115.310600
    -115.596909
    -115.585266
    -115.662491
    -115.639008
    -115.790459
    -115.887825
    -115.867493
    -116.033241
    -116.129677
    -116.173141
    -116.325012
    -116.357994
    -116.382477
    -116.420738
    -116.448967
    -116.513908
    -116.574600
    -116.475021
    -116.536545
    -116.512070
    -116.650375
    -116.800285
    -116.717232
    -116.679169
    -116.941940
    -116.967445
    -116.975739
    -117.108376
    -117.222786
    -117.385796
    -117.452255
    -117.370674
    -117.400757
    -117.376740
    -117.548080
    -117.640038
    -117.727409
    -117.727531
    -117.798813
    -117.894547
    -117.921722
    -118.070793
    -118.099960
    -118.030128
    -118.060974
    -118.058876
    -118.113739
    -118.109596
    -118.302399
    -118.335495
    -118.433693
    -118.497993
    -118.437759
    -118.544464
    -118.459007
    -118.610451
    -118.579788
    -118.682083
    -118.900475
    -118.919525
    -118.989250
    -118.939407
    -118.850975
    -119.125458
    -119.191208
    -119.301178
    -119.392647
    -119.484787
    -119.539352
    -119.674469
    -119.644707
    -119.560677
    -119.624420
    -119.558868
    -119.753029
    -119.740723
    -119.612267
    -119.774391
    -119.642372
    -119.546585
    -119.776131
    -119.906860
    -120.070137
    -120.282074
    -120.206482
    -120.284615
    -120.320007
    -120.412804
    -120.508408
    -120.454453
    -120.589363
    -120.599846
    -120.612083
    -120.649216
    -120.885620
    -120.895859
    -120.774124
    -120.876770
    -120.751747
    -120.865089
    -120.985893
    -121.107536
    -121.383530
    -121.748390
    -122.089714
    -122.172752
    -122.429123
    -122.440170
    -122.691101
    -122.982521
    -123.281387
    -123.592560
    -123.803284
    -123.992531
    -124.180534
    -124.378258
    -124.587936
    -124.772194
    -124.896324
    -125.174957
    -125.551979
    -126.030411
    -126.196472
    -126.446365
    -126.610634
    -126.922783
    -126.950218
    -127.255959
    -127.524658
    -127.979866
    -128.225876
    -128.312866
    -128.530746
    -128.823212
    -128.952667
    -129.129364
    -129.338165
    -129.534866
    -129.664581
    -130.022812
    -130.314056
    -130.394028
    -130.576309
    -130.854645
    -131.194870
    -131.428513
    -131.598709
    -131.992493
    -132.070236
    -132.415375
    -132.548691
    -132.775040
    -132.989990
    -133.056641
    -133.200409
    -133.457047
    -133.474319
    -133.861954
    -134.055756
    -134.127151
    -134.421555
    -134.615799
    -134.737167
    -135.060196
    -135.370956
    -135.444855
    -135.489792
    -135.716187
    -136.015747
    -136.171265
    -136.400253
    -136.653763
    -136.828339
    -136.992310
    -137.061493
    -137.283554
    -137.551468
    -137.716187
    -138.057816
    -138.283310
    -138.516525
    -138.779282
    -138.954102
    -139.052002
    -139.089417
    -139.349136
    -139.550552
    -139.710403
    -140.027451
    -140.134338
    -140.173340
    -140.370285
    -140.342941
    -140.687073
    -140.913818
    -141.185974
    -141.408112
    -141.549988
    -141.749725
    -141.888260
    -142.005188
    -142.316254
    -142.522919
    -142.971756
    -143.069672
    -143.423950
    -143.608749
    -143.799530
    -143.823746
    -143.969772
    -144.292648
    -144.454025
    -144.607681
    -144.699356
    -144.995987
    -145.178070
    -145.431396
    -145.726715
    -145.799911
    -146.012390
    -146.111832
    -146.269272
    -146.353516
    -146.561401
    -146.830231
    -146.983536
    -147.091309
    -147.281357
    -147.530716
    -147.692215
    -147.873138
    -147.921661
    -148.177612
    -148.323792
    -148.433334
    -148.474899
    -148.622009
    -148.912415
    -149.085129
    -149.321152
    -149.379059
    -149.608612
    -149.809570
    -150.028458
    -150.288147
    -150.491302
    -150.683472
    -150.911896
    -150.975555
    -150.972916
    -151.049911
    -151.301086
    -151.479752
    -151.595459
    -151.717072
    -151.822327
    -152.104935
    -152.369827
    -152.478546
    -152.637024
    -152.745575
    -152.956085
    -153.298172
    -153.446091
    -153.734436
    -153.875641
    -154.159592
    -154.283585
    -154.502136
    -154.629868
    -154.984680
    -155.233505
    -155.553741
    -155.710434
    -155.820557
    -156.102249
    -156.285309
    -156.622665
    -156.803223
    -156.994202
    -157.258606
    -157.358368
    -157.496323
    -157.822556
    -158.059311
    -158.169632
    -158.353317
    -158.588959
    -158.667160
    -158.916519
    -159.004196
    -159.445053
    -159.682266
    -159.893631
    -160.038010
    -160.314560
    -160.538925
    -160.779587
    -160.959961
    -161.183502
    -161.385544
    -161.646042
    -161.838638
    -161.999557
    -162.145477
    -162.296921
    -162.412277
    -162.682144
    -162.945816
    -163.143753
    -163.293304
    -163.499054
    -163.757797
    -163.869095
    -164.074448
    -164.188889
    -164.447952
    -164.508972
    -164.807480
    -164.998337
    -165.109238
    -165.411865
    -165.573044
    -165.867950
    -165.939865
    -166.241364
    -166.489517
    -166.593369
    -166.901306
    -167.150635
    -167.300308
    -167.363007
    -167.457520
    -167.617126
    -167.764984
    -167.909607
    -168.000061
    -168.181702
    -168.382492
    -168.738403
    -168.600876
    -168.836792
    -169.074600
    -169.336075
    -169.368881
    -169.679184
    -169.766968
    -169.966171
    -170.199570
    -170.303680
    -170.467819
    -170.655624
    -170.935211
    -171.101334
    -171.312057
    -171.366119
    -171.611267
    -171.719482
    -171.780991
    -171.978745
    -172.049774
    -172.207031
    -172.244904
    -172.399582
    -172.457352
    -172.521591
    -172.626495
    -172.796341
    -172.843735
    -172.988098
    -173.034256
    -172.903488
    -172.927460
    -172.977203
    -173.184891
    -173.310364
    -173.493408
    -173.617859
    -173.689941
    -173.819031
    -173.946732
    -174.126831
    -174.245651
    -174.303177
    -174.396225
    -174.565125
    -174.782455
    -174.811905
    -174.871826
    -175.063217
    -175.099442
    -175.413956
    -175.422073
    -175.491196
    -175.778000
    -175.804672
    -175.878677
    -175.998154
    -176.220047
    -176.406815
    -176.520416
    -176.538040
    -176.674927
    -176.880264
    -176.877594
    -177.114777
    -177.171829
    -177.199509
    -177.272644
    -177.268112
    -177.364883
    -177.641510
    -177.817261
    -178.057907
    -178.181778
    -178.183823
    -178.352600
    -178.486206
    -178.420944
    -178.662689
    -178.706512
    -178.828903
    -178.969681
    -178.959213
    -179.222626
    -179.206528
    -179.399673
    -179.358841
    -179.345261
    -179.546097
    -179.661194
    -179.717316
    -179.801163
    -180.001526
    -179.953384
    -180.205017
    -180.186462
    -180.401703
    -180.600281
    -180.720337
    -180.909927
    -180.917435
    -181.118805
    -181.168442
    -181.328491
    -181.393494
    -181.597504
    -181.699997
    -181.823746
    -181.860382
    -182.051361
    -182.251740
    -182.464005
    -182.481339
    -182.695511
    -182.855881
    -182.903046
    -183.039001
    -183.098053
    -183.240067
    -183.408768
