     -15.978649
     -15.973048
     -16.175867
     -16.210388
     -16.223274
     -16.254673
     -16.546534
     -16.649652
     -16.705162
     -17.003206
     -17.077780
     -17.154543
     -17.359610
     -17.523991
     -17.669666
     -17.925709
     -18.142406
     -18.168974
     -18.353510
     -18.322941
     -18.549759
     -18.496912
     -18.681580
     -18.709026
     -18.610540
     -18.748453
     -18.829435
     -18.891010
     -19.015879
     -19.352825
     -19.250191
     -19.274481
     -19.394646
     -19.485785
     -19.662794
     -20.078787
     -20.194067
     -20.174503
     -20.221861
     -20.193148
     -20.339228
     -20.212521
     -20.358860
     -20.257566
     -20.158304
     -20.456644
     -20.604029
     -20.711597
     -20.918530
     -21.161015
     -21.249546
     -21.241856
     -21.231773
     -21.295546
     -21.339712
     -21.502657
     -21.593597
     -21.624926
     -21.889132
     -21.827868
     -22.022276
     -21.917263
     -22.120590
     -22.103552
     -22.173922
     -22.181141
     -22.240246
     -22.382507
     -22.507349
     -22.458818
     -22.593964
     -22.620619
     -22.692614
     -23.051760
     -23.094910
     -23.201639
     -23.147886
     -23.231222
     -23.371429
     -23.644705
     -23.520456
     -23.547222
     -23.674187
     -23.616394
     -23.520580
     -23.661451
     -23.657118
     -23.712950
     -23.748350
     -23.751205
     -23.776613
     -24.033171
     -24.104654
     -24.317451
     -24.282801
     -24.159401
     -24.281902
     -24.234751
     -24.272516
     -24.333506
     -24.479053
     -24.361166
     -24.496016
     -24.619671
     -24.561932
     -24.641169
     -24.728252
     -24.826878
     -24.806305
     -24.928659
     -25.110241
     -25.135056
     -25.201876
     -25.395388
     -25.297768
     -25.183151
     -25.206715
     -25.172832
     -25.231232
     -25.304134
     -25.453123
     -25.336098
     -25.417631
     -25.463696
     -25.431965
     -25.579092
     -25.539297
     -25.476812
     -25.568001
     -25.580416
     -25.750532
     -25.707376
     -25.560307
     -25.737848
     -25.815464
     -25.940306
     -25.852373
     -25.884211
     -26.088171
     -26.058977
     -26.241634
     -26.243937
     -26.335028
     -26.456137
     -26.491823
     -26.481312
     -26.424673
     -26.680536
     -26.849396
     -26.779772
     -26.915232
     -26.860678
     -27.029081
     -27.062948
     -27.188591
     -27.232098
     -27.282837
     -27.372841
     -27.467813
     -27.439508
     -27.447945
     -27.562773
     -27.641893
     -27.643242
     -27.693336
     -27.721832
     -27.861858
     -27.971054
     -28.072865
     -28.151001
     -28.145237
     -27.957333
     -27.851484
     -27.943335
     -27.928911
     -28.088451
     -28.162661
     -28.065914
     -28.082846
     -28.119104
     -28.083223
     -28.047400
     -28.273565
     -28.400661
     -28.413763
     -28.608421
     -28.693819
     -28.717489
     -28.776876
     -28.696341
     -28.804272
     -28.926573
     -28.957413
     -28.909758
     -28.970688
     -29.017576
     -29.092512
     -29.191221
     -29.185230
     -29.242035
     -29.202471
     -29.292175
     -29.243549
     -29.363447
     -29.320152
     -29.555841
     -29.753288
     -29.632500
     -29.564001
     -29.611029
     -29.656963
     -29.574869
     -29.601357
     -29.641569
     -29.600752
     -29.544237
     -29.637613
     -29.648815
     -29.586418
     -29.640007
     -29.632486
     -29.567074
     -29.594509
     -29.489809
     -29.695494
     -29.846983
     -29.680855
     -29.726095
     -29.899570
     -30.053198
     -30.092293
     -29.993725
     -29.978680
     -30.009413
     -30.171528
     -30.066893
     -30.095709
     -30.158508
     -30.159750
     -30.239220
     -30.293903
     -30.194201
     -30.189547
     -30.291117
     -30.388399
     -30.228127
     -30.129328
     -30.014126
     -29.993481
     -29.950312
     -30.061174
     -29.999937
     -30.037889
     -30.077948
     -29.983898
     -29.994827
     -29.934256
     -29.990654
     -30.015387
     -30.022375
     -29.986147
     -29.915213
     -30.082422
     -30.013901
     -30.143995
     -30.069510
     -30.120861
     -30.142029
     -30.104088
     -30.014896
     -30.044836
     -29.993048
     -30.084881
     -29.958075
     -30.107731
     -30.175348
     -30.086346
     -30.187952
     -30.412613
     -30.397444
     -30.364618
     -30.431837
     -30.466101
     -30.552549
     -30.529955
     -30.490602
     -30.576580
     -30.706991
     -30.575968
     -30.673780
     -30.686029
     -30.701385
     -30.639942
     -30.731789
     -30.939058
     -30.862789
     -30.893183
     -30.862724
     -30.875309
     -30.781267
     -30.896738
     -30.846262
     -30.945391
     -30.860830
     -30.808805
     -30.718081
     -30.913092
     -30.924059
     -30.898140
     -31.070120
     -31.151205
     -31.111242
     -31.372040
     -31.114164
     -31.237190
     -31.427252
     -31.485636
     -31.420420
     -31.637136
     -31.646635
     -31.842295
     -31.798794
     -31.875452
     -31.859722
     -31.980257
     -32.120152
     -32.108387
     -32.142338
     -32.171974
     -32.332546
     -32.383945
     -32.302433
     -32.593254
     -32.638638
     -32.634445
     -32.504288
     -32.556683
     -32.632149
     -32.595673
     -32.807041
     -32.811466
     -32.695450
     -32.735958
     -32.704544
     -32.671898
     -32.579296
     -32.533012
     -32.539173
     -32.642971
     -32.681992
     -32.705818
     -32.566120
     -32.674446
     -32.711884
     -32.665977
     -32.699028
     -32.746258
     -32.926090
     -33.016243
     -32.901749
     -32.916950
     -32.897976
     -33.002995
     -32.966454
     -32.918739
     -32.880569
     -32.973526
     -32.946941
     -32.968220
     -33.146824
     -33.029339
     -32.994873
     -33.029629
     -32.984360
     -32.774532
     -32.751957
     -32.862423
     -33.060749
     -32.976524
     -33.097015
     -32.948719
     -32.968098
     -32.876804
     -32.766819
     -32.937126
     -33.190357
     -33.159958
     -33.013050
     -33.049530
     -32.985905
     -32.921879
     -33.134857
     -33.246696
     -33.239292
     -33.316235
     -33.405666
     -33.261948
     -33.352467
     -33.349007
     -33.296467
     -33.333118
     -33.291191
     -33.325207
     -33.436375
     -33.330143
     -33.538834
     -33.410294
     -33.341915
     -33.308025
     -33.392883
     -33.399303
     -33.455265
     -33.361336
     -33.340797
     -33.357059
     -33.440300
     -33.509083
     -33.454247
     -33.414696
     -33.357071
     -33.516182
     -33.459652
     -33.595482
     -33.410652
     -33.631172
     -33.709286
     -33.755390
     -33.808075
     -33.568741
     -33.727119
     -33.895695
     -33.945107
     -33.877079
     -33.804344
     -33.992847
     -33.927540
     -33.806744
     -33.813606
     -33.987545
     -34.009838
     -34.105083
     -34.224491
     -34.051857
     -34.021358
     -33.868404
     -33.899445
     -34.123806
     -34.128460
     -34.237446
     -34.136116
     -34.025780
     -34.091290
     -34.104492
     -34.118103
     -34.110878
     -34.163376
     -34.157791
     -33.971584
     -33.985039
     -34.117886
     -34.108456
     -34.040695
     -34.023285
     -33.991936
     -33.955025
     -34.069675
     -34.242195
     -34.402561
     -34.257301
     -34.357708
     -34.283573
     -34.160057
     -34.308048
     -34.318901
     -34.376263
     -34.320042
     -34.389980
     -34.320988
     -34.372921
     -34.314762
     -34.271862
     -34.292187
     -34.421013
     -34.327595
     -34.223049
     -34.392799
     -34.201000
     -34.193436
     -34.315670
     -34.325523
     -34.267593
     -34.261379
     -34.165401
     -34.125072
     -34.251453
     -34.194347
     -34.278973
     -34.350246
     -34.457832
     -34.501015
     -34.625725
     -34.651833
     -34.734364
     -34.670685
     -34.752926
     -34.633354
     -34.748871
     -34.937328
     -34.811684
     -34.924568
     -34.997776
     -35.063301
     -35.106365
     -35.174911
     -35.138721
     -35.275612
     -35.320621
     -35.258080
     -35.381454
     -35.234074
     -35.168499
     -35.147297
     -35.200806
     -35.082153
     -35.093781
     -35.204582
     -35.308617
     -35.215656
     -35.086437
     -35.186150
     -35.222740
     -35.284714
     -35.335197
     -35.341103
     -35.421833
     -35.309776
     -35.153187
     -34.944862
     -35.206352
     -35.106964
     -35.183689
     -35.300770
     -35.339855
     -35.280190
     -35.371346
     -35.303368
     -35.185341
     -35.283443
     -35.328552
     -35.632385
     -35.560600
     -35.624638
     -35.486961
     -35.463467
     -35.335510
     -35.347595
     -35.339520
     -35.340721
     -35.424244
     -35.582657
     -35.369152
     -35.362358
     -35.361023
     -35.312172
     -35.260612
     -35.136562
     -35.232056
     -35.266628
     -35.176872
     -35.428829
     -35.245487
     -35.274807
     -35.372650
     -35.433666
     -35.307514
     -35.323051
     -35.454338
     -35.457771
     -35.441090
     -35.238251
     -35.253784
     -35.149353
     -35.206326
     -35.113991
     -34.996456
     -34.812481
     -34.952385
     -34.812397
     -34.908848
     -34.943798
     -34.863251
     -34.907036
     -34.945621
     -34.924709
     -35.052410
     -35.058754
     -35.044567
     -35.176945
     -35.409210
     -35.413166
     -35.408531
     -35.182747
     -35.182293
     -35.217354
     -35.195965
     -35.297710
     -35.377659
     -35.251118
     -35.389671
     -35.395515
     -35.257729
     -35.302074
     -35.464191
     -35.421860
     -35.681164
     -35.802032
     -35.660751
     -35.753719
     -35.510998
     -35.516228
     -35.535332
     -35.645073
     -35.710678
     -35.661575
     -35.497238
     -35.531776
     -35.630989
     -35.622223
     -35.753254
     -35.655266
     -35.625149
     -35.841644
     -35.726414
     -35.821259
     -35.789291
     -35.829002
     -35.916767
     -35.792648
     -35.888420
     -35.893055
