     -48.599007
     -48.947796
     -49.320709
     -49.582840
     -49.971874
     -50.374943
     -50.872971
     -51.285492
     -51.706375
     -51.884232
     -52.173683
     -52.707588
     -53.033600
     -53.322308
     -53.794941
     -54.292938
     -54.753704
     -55.111794
     -55.623062
     -56.045799
     -56.263725
     -56.650055
     -57.066315
     -57.271400
     -57.657581
     -58.138351
     -58.496468
     -58.928146
     -59.382973
     -59.709862
     -60.191166
     -60.541916
     -61.192303
     -61.467140
     -61.771065
     -62.116783
     -62.477623
     -62.900635
     -63.159077
     -63.472698
     -63.785141
     -64.140343
     -64.623718
     -64.795410
     -65.104134
     -65.354591
     -65.631264
     -66.058327
     -66.351784
     -66.730759
     -67.174660
     -67.598999
     -67.790428
     -68.045265
     -68.275696
     -68.504036
     -68.946350
     -69.352180
     -69.763626
     -69.983269
     -70.293556
     -70.686073
     -70.913315
     -71.186150
     -71.390884
     -71.666977
     -72.140190
     -72.544731
     -72.786621
     -73.062363
     -73.344131
     -73.840927
     -73.963966
     -74.081223
     -74.496284
     -74.711334
     -75.095680
     -75.307098
     -75.652916
     -75.965981
     -76.355621
     -76.700249
     -77.001862
     -77.103325
     -77.341110
     -77.635277
     -77.929565
     -78.196907
     -78.473030
     -78.718208
     -78.915024
     -78.993172
     -79.289200
     -79.629654
     -79.957565
     -80.318825
     -80.538109
     -80.732529
     -80.935974
     -81.212524
     -81.426537
     -81.575043
     -81.889305
     -82.250069
     -82.475174
     -82.607407
     -82.754700
     -83.049950
     -83.301895
     -83.437302
     -83.807495
     -84.020035
     -84.222946
     -84.334656
     -84.324059
     -84.619545
     -84.875511
     -85.119049
     -85.296555
     -85.454811
     -85.527313
     -85.886436
     -86.082962
     -86.286636
     -86.400383
     -86.560127
     -86.730293
     -86.894875
     -87.199669
     -87.379227
     -87.411613
     -87.543213
     -87.557526
     -87.771973
     -87.980232
     -88.180206
     -88.331802
     -88.465347
     -88.775681
     -89.031143
     -89.289009
     -89.483498
     -89.757797
     -89.728409
     -89.978294
     -90.102409
     -90.429810
     -90.716690
     -90.842766
     -90.955673
     -91.072754
     -91.349045
     -91.567757
     -91.723862
     -91.877258
     -92.057487
     -92.236763
     -92.664421
     -92.678108
     -92.965164
     -93.087631
     -93.121155
     -93.374443
     -93.643005
     -93.843765
     -94.031944
     -94.294815
     -94.443306
     -94.690231
     -94.801323
     -94.918556
     -95.186378
     -95.098686
     -95.374352
     -95.593849
     -95.659996
     -95.887558
     -96.128105
     -96.338402
     -96.485588
     -96.550751
     -96.767319
     -96.880272
     -97.062744
     -97.170258
     -97.230560
     -97.438255
     -97.575897
     -97.758774
     -97.925743
     -98.001297
     -98.087471
     -98.248680
     -98.551048
     -98.647171
     -98.810043
     -98.962921
     -99.152618
     -99.289375
     -99.345444
     -99.371841
     -99.520912
     -99.710434
     -99.835846
     -99.913017
     -99.978073
    -100.003006
    -100.368530
    -100.473724
    -100.628662
    -100.891296
    -101.032440
    -101.197510
    -101.364426
    -101.377060
    -101.615631
    -101.832024
    -101.995712
    -102.241943
    -102.235214
    -102.326553
    -102.606857
    -102.780823
    -102.920578
    -103.092216
    -103.376053
    -103.503922
    -103.651367
    -103.859451
    -104.067734
    -104.334274
    -104.735115
    -104.832710
    -104.994560
    -105.097282
    -105.391319
    -105.479492
    -105.614021
    -105.892059
    -106.150940
    -106.311981
    -106.502213
    -106.615532
    -106.643097
    -106.942558
    -107.063812
    -107.118935
    -107.298271
    -107.502678
    -107.613037
    -107.849121
    -108.022324
    -108.197006
    -108.384476
    -108.268196
    -108.608604
    -108.697906
    -108.951668
    -108.965065
    -109.065071
    -109.271461
    -109.538124
    -109.643387
    -109.715614
    -109.894753
    -110.051697
    -110.145309
    -110.267868
    -110.319603
    -110.405663
    -110.549873
    -110.701744
    -110.885689
    -111.178848
    -111.287407
    -111.555946
    -111.653748
    -111.896210
    -112.075676
    -112.201340
    -112.324982
    -112.445663
    -112.534180
    -112.877083
    -112.968185
    -113.070793
    -113.182480
    -113.330452
    -113.488121
    -113.534859
    -113.747032
    -113.999855
    -114.070618
    -114.200989
    -114.420227
    -114.630875
    -114.755058
    -114.856506
    -115.015968
    -115.103874
    -115.264259
    -115.358429
    -115.379517
    -115.560707
    -115.694443
    -115.881172
    -115.951317
    -115.953140
    -116.229004
    -116.224274
    -116.182228
    -116.248337
    -116.275124
    -116.431915
    -116.721558
    -116.866150
    -116.945930
    -117.085663
    -117.195801
    -117.346176
    -117.473442
    -117.607071
    -117.855659
    -117.979095
    -118.120049
    -118.132240
    -118.208183
    -118.408150
    -118.487442
    -118.689667
    -118.895073
    -118.967812
    -119.178955
    -119.274437
    -119.330284
    -119.549461
    -119.545959
    -119.648552
    -119.792198
    -119.962601
    -119.919411
    -120.046783
    -120.178978
    -120.214104
    -120.494431
    -120.527870
    -120.694107
    -120.802376
    -120.944252
    -121.156685
    -121.121605
    -121.267731
    -121.473465
    -121.596077
    -121.663773
    -121.680489
    -121.996284
    -121.873856
    -122.159264
    -122.318550
    -122.586731
    -122.603806
    -122.910454
    -122.867340
    -122.852654
    -123.111008
    -123.166023
    -123.450294
    -123.563866
    -123.780457
    -123.875069
    -124.182495
    -124.386177
    -124.388947
    -124.510162
    -124.695007
    -124.966125
    -125.146645
    -125.458862
    -125.406799
    -125.605789
    -125.736183
    -125.851944
    -126.055023
    -126.271843
    -126.452530
    -126.836487
    -126.828796
    -127.071930
    -127.393181
    -127.468719
    -127.549194
    -127.629112
    -127.807648
    -127.951202
    -128.007538
    -128.164917
    -128.316360
    -128.443359
    -128.433167
    -128.593658
    -128.582413
    -128.836853
    -128.940689
    -129.182388
    -129.440231
    -129.448929
    -129.558746
    -129.690140
    -129.860916
    -130.076462
    -130.269653
    -130.299454
    -130.579666
    -130.597839
    -130.812454
    -130.928589
    -131.113174
    -131.358749
    -131.492401
    -131.847076
    -131.974655
    -132.002808
    -132.192490
    -132.499756
    -132.791550
    -132.972168
    -133.033600
    -133.185013
    -133.327759
    -133.484100
    -133.672882
    -133.864319
    -134.039932
    -134.170334
    -134.242249
    -134.551575
    -134.825058
    -134.883408
    -135.143311
    -135.284073
    -135.644470
    -135.657349
    -135.983856
    -136.148361
    -136.204514
    -136.359131
    -136.593262
    -136.667557
    -136.953384
    -137.173737
    -137.329010
    -137.311432
    -137.510727
    -137.697006
    -137.852127
    -138.079483
    -138.210083
    -138.528641
    -138.839264
    -138.879944
    -139.062073
    -139.402893
    -139.520447
    -139.721069
    -139.913818
    -139.948776
    -140.200241
    -140.392975
    -140.591934
    -140.796631
    -140.768082
    -141.183563
    -141.274628
    -141.469925
    -141.537659
    -141.768494
    -141.992996
    -142.162888
    -142.228210
    -142.518387
    -142.804626
    -142.715469
    -142.706757
    -143.090103
    -143.358154
    -143.515900
    -143.757843
    -143.825455
    -144.033142
    -144.109421
    -144.132690
    -144.222473
    -144.554138
    -144.673843
    -144.956345
    -145.092789
    -145.221268
    -145.391510
    -145.593277
    -145.722260
    -145.776260
    -146.043457
    -146.178528
    -146.327637
    -146.442886
    -146.557297
    -146.800644
    -146.979996
    -147.273483
    -147.298065
    -147.440994
    -147.482712
    -147.499268
    -147.696808
    -147.971283
    -148.092377
    -148.154877
    -148.179214
    -148.206421
    -148.393753
    -148.435410
    -148.664444
    -148.634323
    -148.707031
    -148.768799
    -148.814865
    -148.966187
    -149.131058
    -149.319580
    -149.501358
    -149.601654
    -149.501602
    -149.794495
    -149.918243
    -150.013718
    -150.144791
    -150.446655
    -150.474152
    -150.663574
    -150.742844
    -150.817291
    -150.863220
    -151.073563
    -151.223862
    -151.272842
    -151.393036
    -151.617355
    -151.638260
    -151.830521
    -152.086411
    -152.262375
    -152.358246
    -152.454071
    -152.467636
    -152.469711
    -152.821365
    -153.040756
    -153.238297
    -153.451431
    -153.593582
    -153.734665
    -153.910904
    -154.135452
    -154.162216
    -154.303650
    -154.470566
    -154.648758
    -154.736984
    -154.879395
    -154.878586
    -155.004684
    -155.223511
    -155.438049
    -155.537781
    -155.850113
    -156.132614
    -156.315323
    -156.614594
    -156.571396
