    -103.636154
    -104.236778
    -105.075562
    -106.001907
    -106.805412
    -107.517403
    -108.368256
    -109.328537
    -110.045769
    -110.933907
    -111.540497
    -112.297310
    -113.311028
    -113.961189
    -114.764565
    -115.358498
    -116.325607
    -117.114647
    -117.726273
    -118.574768
    -119.500961
    -120.351212
    -121.011200
    -121.787636
    -122.486687
    -123.189865
    -123.896858
    -124.865112
    -125.676468
    -126.343117
    -127.205315
    -127.991577
    -128.756927
    -129.523819
    -130.304611
    -131.258652
    -132.000809
    -132.825226
    -133.643799
    -134.401855
    -135.022018
    -135.593399
    -136.197281
    -136.913528
    -137.844223
    -138.556427
    -139.388901
    -139.891724
    -140.752350
    -141.419815
    -142.059097
    -142.821289
    -143.502060
    -144.369720
    -145.113815
    -145.917908
    -146.530914
    -147.112289
    -147.778763
    -148.618149
    -149.395996
    -150.171295
    -150.901764
    -151.619888
    -152.318237
    -152.842789
    -153.532288
    -154.059250
    -154.740265
    -155.427994
    -156.150436
    -156.758331
    -157.572418
    -158.102356
    -158.755554
    -159.279755
    -159.982864
    -160.583679
    -161.091599
    -161.764481
    -162.697449
    -163.421295
    -164.018829
    -164.744827
    -165.318695
    -166.086319
    -166.809769
    -167.417877
    -168.170654
    -168.699860
    -169.473404
    -170.160538
    -170.720840
    -171.471680
    -172.018753
    -172.499329
    -173.188171
    -173.706116
    -174.322433
    -174.905212
    -174.907135
    -175.134766
    -175.198715
    -175.572647
    -175.798874
    -176.021667
    -176.189560
    -176.434799
    -176.728790
    -176.907959
    -177.133881
    -177.306366
    -177.580688
    -177.634674
    -177.835648
    -178.275208
    -178.534393
    -178.721725
    -178.982986
    -179.127457
    -179.480835
    -179.662811
    -179.946121
    -180.127045
    -180.402176
    -180.746231
    -180.917755
    -181.328690
    -181.637405
    -181.922867
    -182.242950
    -182.471893
    -182.821655
    -182.949432
    -183.249146
    -183.302002
    -183.708359
    -183.878860
    -184.091568
    -184.385315
    -184.619553
    -184.709717
    -185.019104
    -185.274445
    -185.622147
    -185.748611
    -186.043686
    -186.317947
    -186.415894
    -186.751038
    -187.038147
    -187.185562
    -187.448059
    -187.665756
    -187.785873
    -188.057114
    -188.176743
    -188.526596
    -188.813858
    -189.187210
    -189.152512
    -189.439270
    -189.814362
    -189.802277
    -190.063553
    -190.388412
    -190.573166
    -190.742340
    -190.876450
    -191.023941
    -191.342239
    -191.419144
    -191.559174
    -191.685623
    -191.821289
    -192.079819
    -192.263031
    -192.448380
    -192.640793
    -192.904266
    -193.089310
    -193.377975
    -193.492950
    -193.593704
    -193.881317
    -193.965881
    -194.167648
    -194.253525
    -194.463654
    -194.702972
    -194.757996
    -194.859894
    -195.089233
    -195.365997
    -195.575653
    -195.622375
    -195.796860
    -196.075180
    -196.287521
    -196.391266
    -196.509338
    -196.710953
    -196.895355
    -197.201050
    -197.429626
    -197.681885
    -197.874695
    -198.064301
    -198.407562
    -198.664368
    -198.855057
    -199.079575
    -199.112930
    -199.227600
    -199.474213
    -199.569641
    -199.787018
    -199.908447
    -200.103455
    -200.272186
